2 107
3 119
3 123
10 111
10 113
20 108
20 112
40 110
40 113
41 109
41 112
43 107
44 114
44 126
45 120
45 122
46 119
46 123
47 172
47 182
47 698
47 707
48 170
48 179
48 695
48 704
49 169
49 178
49 694
49 703
50 135
50 136
50 156
50 160
50 163
50 164
50 225
50 226
50 229
50 231
51 121
51 124
52 127
52 129
52 131
53 133
53 146
53 148
54 203
54 204
54 227
54 336
55 117
56 349
58 161
58 168
58 350
58 679
58 690
58 785
59 159
59 167
59 351
59 678
59 689
60 115
60 139
61 158
61 166
61 353
61 676
61 687
62 157
62 165
62 354
62 675
62 686
63 355
64 356
65 352
66 134
66 138
66 140
66 147
66 149
67 128
67 130
67 132
67 137
67 141
68 116
69 142
69 150
69 151
69 153
69 154
70 143
70 152
70 751
70 1124
71 135
71 136
71 155
71 162
72 118
73 379
75 177
75 186
75 380
75 702
75 711
75 824
76 175
76 185
76 381
76 701
76 710
77 174
77 184
77 382
77 700
77 709
78 173
78 183
78 383
78 699
78 708
79 384
80 176
80 181
80 385
80 697
80 706
80 823
80 834
81 171
81 180
81 386
81 696
81 705
82 387
83 388
84 144
84 3490
84 3491
84 3549
85 659
86 494
86 660
87 194
87 201
87 661
87 1018
87 1027
88 193
88 200
88 662
88 1017
88 1026
89 192
89 199
89 663
89 1016
89 1025
90 191
90 198
90 664
90 1015
90 1024
91 190
91 202
91 665
91 1014
91 1023
91 1160
91 1169
92 189
92 197
92 666
92 1013
92 1022
93 188
93 196
93 667
93 1012
93 1021
94 187
94 195
94 668
94 1011
94 1020
95 649
97 213
97 222
97 650
97 1080
97 1097
97 1222
98 212
98 220
98 651
98 1079
98 1096
99 211
99 219
99 652
99 1078
99 1095
100 210
100 218
100 653
100 1077
100 1094
101 209
101 217
101 654
101 1076
101 1093
102 208
102 221
102 655
102 1075
102 1092
102 1192
102 1221
103 207
103 216
103 656
103 1074
103 1091
104 206
104 215
104 657
104 1073
104 1090
105 205
105 214
105 658
105 1072
105 1089
106 125
106 2800
112 3184
113 3184
116 225
116 226
116 228
116 229
116 230
116 231
117 145
118 227
118 232
119 223
125 2740
126 224
126 233
127 541
127 542
127 543
127 544
127 545
128 234
128 235
128 237
128 238
128 239
128 407
129 546
129 604
129 605
130 236
130 240
130 241
130 242
131 547
131 548
131 549
131 550
131 551
132 243
132 245
132 246
132 247
132 248
132 249
133 552
133 553
133 554
133 555
133 556
134 244
134 250
134 251
134 252
134 253
134 254
135 681
135 683
135 783
135 921
136 692
137 269
137 271
137 272
137 273
137 274
137 275
138 270
138 276
138 277
138 278
138 279
138 280
139 389
139 390
139 677
139 688
140 300
140 302
140 304
140 358
141 299
141 301
142 373
142 374
142 375
142 376
143 303
143 305
143 306
143 307
143 308
143 309
144 3488
144 3489
144 3543
145 336
145 391
146 572
146 573
146 574
146 575
146 591
147 326
147 328
147 329
147 330
147 331
147 475
148 576
148 602
148 603
149 327
149 332
149 333
149 334
150 347
150 349
150 350
150 351
150 352
150 353
151 348
151 354
151 355
151 356
151 584
151 585
152 357
152 359
152 360
152 361
152 362
152 363
153 377
153 379
153 380
153 381
153 382
153 383
154 378
154 384
154 385
154 386
154 387
154 388
155 255
155 393
156 256
156 392
157 257
157 1277
158 258
158 1278
159 259
159 1280
160 260
160 426
161 261
161 1281
162 262
162 397
163 263
163 396
164 264
164 428
165 265
165 1282
166 266
166 1283
167 267
167 1285
168 268
168 1286
169 281
169 1304
170 282
170 1305
171 283
171 1306
172 284
172 1307
173 285
173 1308
174 286
174 1309
175 287
175 1310
176 288
176 1311
177 289
177 1312
178 290
178 1313
179 291
179 1314
180 292
180 1315
181 293
181 1316
182 294
182 1317
183 295
183 1318
184 296
184 1319
185 297
185 1320
186 298
186 1321
187 310
187 1641
188 311
188 1642
189 312
189 1643
190 313
190 1644
191 314
191 1645
192 315
192 1646
193 316
193 1647
194 317
194 1648
195 318
195 1649
196 319
196 1650
197 320
197 1651
198 321
198 1652
199 322
199 1653
200 323
200 1654
201 324
201 1655
202 325
202 1656
203 335
203 483
204 337
204 578
205 338
205 1670
206 339
206 1671
207 340
207 1672
208 341
208 1673
209 342
209 1674
210 343
210 1675
211 344
211 1676
212 345
212 1677
213 346
213 1678
214 364
214 1689
215 365
215 1690
216 366
216 1691
217 367
217 1692
218 368
218 1693
219 369
219 1694
220 370
220 1695
221 371
221 1696
222 372
222 1697
225 404
225 613
225 614
225 615
225 616
226 405
226 617
227 920
228 394
228 395
229 403
229 1726
230 398
230 399
231 400
231 954
232 401
232 402
234 406
235 406
235 407
235 408
235 409
235 410
236 411
236 412
236 413
237 408
238 409
239 410
240 411
241 412
242 413
243 414
243 415
243 416
243 417
243 418
244 419
244 420
244 421
244 422
244 423
245 414
246 415
247 416
248 417
249 418
250 419
251 420
252 421
253 422
254 423
255 392
256 393
257 930
258 932
259 936
260 395
261 938
262 396
263 397
264 399
265 942
266 944
267 948
268 950
269 430
269 431
269 432
269 433
269 434
270 435
270 436
270 437
270 438
270 439
271 611
272 560
273 561
274 562
275 563
276 606
277 564
278 565
279 566
280 567
281 974
282 976
283 978
284 980
285 982
286 984
287 986
288 988
289 990
290 992
291 994
292 996
293 998
294 1000
295 1002
296 1004
297 1006
298 1008
299 440
299 442
299 443
299 444
299 445
299 446
300 441
300 447
300 448
300 449
300 450
300 451
301 452
301 454
301 455
301 456
301 457
301 458
302 453
302 459
302 460
302 461
302 462
302 463
303 465
303 466
303 467
303 468
303 469
304 464
304 470
304 471
304 472
304 473
304 474
305 610
306 568
307 569
308 570
309 571
310 1430
311 1432
312 1434
313 1436
314 1438
315 1440
316 1442
317 1444
318 1448
319 1450
320 1452
321 1454
322 1456
323 1458
324 1460
325 1463
326 475
326 476
326 477
326 478
326 479
327 480
327 481
327 482
328 476
329 477
330 478
331 479
332 480
333 481
334 482
335 402
336 749
337 485
338 1497
339 1499
340 1501
341 1503
342 1505
343 1507
344 1509
345 1511
346 1513
347 486
347 487
347 488
347 489
347 490
348 491
348 492
348 493
348 494
348 495
349 607
350 579
351 580
352 581
353 582
354 583
355 609
356 608
357 497
357 498
357 499
357 500
357 501
358 496
358 502
358 503
358 504
358 505
358 506
359 586
360 587
361 588
362 589
363 590
364 1532
365 1534
366 1536
367 1538
368 1540
369 1542
370 1544
371 1546
372 1548
373 507
373 509
373 510
373 511
373 512
373 513
374 508
374 514
374 515
374 516
374 517
374 518
375 519
375 521
375 522
375 523
375 524
375 525
376 520
376 526
376 527
376 528
376 529
376 530
377 531
377 532
377 533
377 534
377 535
378 536
378 537
378 538
378 539
378 540
379 612
380 592
381 593
382 594
383 595
384 596
385 597
386 598
387 599
388 600
389 425
389 1279
390 429
390 1284
391 484
391 485
392 424
393 424
394 426
395 557
396 427
397 427
398 428
399 558
400 914
401 483
402 577
403 1596
404 601
404 1727
405 559
405 955
406 541
407 542
408 543
409 544
410 545
411 546
412 605
413 604
414 547
415 548
416 549
417 550
418 551
419 552
420 553
421 554
422 555
423 556
424 613
424 614
424 615
424 616
424 669
424 670
424 680
424 682
424 684
425 934
426 557
427 617
427 671
427 672
427 691
428 558
429 946
430 611
431 560
432 561
433 562
434 563
435 606
436 564
437 565
438 566
439 567
440 618
440 619
440 620
440 621
440 622
441 623
441 624
441 625
441 626
441 627
442 712
443 713
444 714
445 715
446 716
447 717
448 718
449 719
450 720
451 721
452 628
452 629
452 630
452 631
452 632
453 633
453 634
453 635
453 636
453 637
454 879
455 722
456 723
457 724
458 725
459 877
460 726
461 727
462 728
463 729
464 638
464 639
464 640
464 641
464 642
465 610
466 568
467 569
468 570
469 571
470 878
471 730
472 731
473 732
474 733
475 591
476 572
477 573
478 574
479 575
480 576
481 603
482 602
483 577
484 578
485 643
486 607
487 579
488 580
489 581
490 582
491 583
492 609
493 608
494 584
495 585
496 644
496 645
496 646
496 647
496 648
497 586
498 587
499 588
500 589
501 590
502 752
503 753
504 754
505 755
506 756
507 649
507 650
507 651
507 652
507 653
508 654
508 655
508 656
508 657
508 658
509 913
510 757
511 758
512 759
513 760
514 761
515 762
516 763
517 764
518 765
519 659
519 660
519 661
519 662
519 663
520 664
520 665
520 666
520 667
520 668
521 912
522 911
523 768
524 769
525 770
526 771
527 772
528 773
529 774
530 775
531 612
532 592
533 593
534 594
535 595
536 596
537 597
538 598
539 599
540 600
541 674
542 747
542 798
542 869
543 746
543 800
543 867
544 745
544 799
544 865
545 744
545 802
545 863
546 743
546 801
546 861
547 738
547 844
547 892
548 737
548 852
548 895
549 736
549 842
549 894
550 735
550 840
550 897
551 734
551 838
551 896
552 698
552 707
552 808
552 817
552 829
553 697
553 706
553 811
553 821
553 823
553 828
553 834
554 696
554 705
554 810
554 816
554 827
555 695
555 704
555 813
555 815
555 826
556 694
556 703
556 812
556 814
556 825
557 680
557 682
557 684
557 782
557 784
558 685
558 691
558 3235
559 916
560 742
560 854
560 889
561 741
561 850
561 891
562 740
562 848
562 890
563 739
563 846
563 893
564 702
564 711
564 805
564 822
564 824
564 833
565 701
565 710
565 807
565 820
565 832
566 700
566 709
566 806
566 819
566 831
567 699
567 708
567 809
567 818
567 830
568 751
568 885
569 887
569 900
569 1121
570 886
570 899
570 1119
571 888
571 898
571 1117
572 679
572 690
572 781
572 785
572 790
572 791
573 678
573 689
573 780
573 789
573 793
574 677
574 688
574 779
574 788
574 792
575 676
575 687
575 778
575 787
575 795
576 675
576 686
576 777
576 786
576 794
577 748
577 749
578 643
579 747
579 868
579 870
580 746
580 866
580 872
581 745
581 864
581 871
582 744
582 862
582 874
583 743
583 860
583 873
584 835
584 836
584 1446
584 1462
584 1609
585 901
585 1122
586 858
586 880
586 1055
587 859
587 882
587 1053
588 857
588 881
588 1052
589 856
589 884
589 1050
590 855
590 883
590 1048
591 673
592 742
592 853
592 902
593 741
593 849
593 904
594 740
594 847
594 903
595 739
595 845
595 906
596 738
596 843
596 905
597 737
597 851
597 908
598 736
598 841
598 907
599 735
599 839
599 910
600 734
600 837
600 909
601 1598
602 796
602 925
603 797
603 924
604 803
604 927
605 804
605 926
606 693
606 1299
607 750
607 1351
608 875
608 929
609 876
609 928
610 766
610 1356
611 767
611 1359
612 776
612 1364
613 681
614 921
615 783
616 683
617 692
618 712
619 713
620 714
621 715
622 716
623 717
624 718
625 719
626 720
627 721
628 879
629 722
630 723
631 724
632 725
633 877
634 726
635 727
636 728
637 729
638 878
639 730
640 731
641 732
642 733
643 748
644 752
645 753
646 754
647 755
648 756
649 913
650 757
651 758
652 759
653 760
654 761
655 762
656 763
657 764
658 765
659 912
660 911
661 768
662 769
663 770
664 771
665 772
666 773
667 774
668 775
669 922
669 3010
670 923
670 3011
671 914
671 915
672 916
672 917
673 918
673 1289
674 919
674 1294
675 2028
676 1751
676 2049
676 2051
677 1752
677 1756
677 1760
677 2047
677 2050
678 1753
678 1757
678 1761
678 1763
678 1766
678 2029
679 1140
679 1754
679 1758
679 1762
679 1764
679 1767
679 1768
680 940
680 2086
680 2379
681 941
681 2483
681 3126
682 921
683 1134
683 1136
684 1134
685 3157
686 2031
687 1772
687 3081
688 1773
688 1777
688 3082
689 1774
689 1778
689 1780
689 3083
690 1775
690 1779
690 1781
690 1782
690 3084
691 952
691 2087
691 2378
692 953
692 2482
692 3217
693 969
694 2032
695 1796
695 2054
695 2055
696 1797
696 1799
696 1802
696 2033
697 1148
697 1798
697 1800
697 1803
697 1804
698 2035
699 1807
699 2058
699 2060
700 1808
700 1812
700 1816
700 2056
700 2059
701 1809
701 1813
701 1817
701 1819
701 1822
701 2036
702 1150
702 1810
702 1814
702 1818
702 1820
702 1823
702 1824
703 2037
704 1828
704 2061
704 2062
705 1829
705 1831
705 1834
705 2063
705 2064
706 1151
706 1830
706 1832
706 1835
706 1836
706 1838
707 2039
708 1841
708 3076
709 1842
709 1846
709 3077
710 1843
710 1847
710 1849
710 3078
711 1844
711 1848
711 1850
711 1851
711 3079
712 1115
712 1231
712 1247
713 1114
713 1233
713 1252
714 1113
714 1232
714 1245
715 1112
715 1235
715 1243
716 1111
716 1234
716 1241
717 1015
717 1024
717 1156
717 1164
717 1205
718 1014
718 1023
718 1155
718 1160
718 1168
718 1169
718 1208
719 1013
719 1022
719 1154
719 1163
719 1207
720 1012
720 1021
720 1153
720 1162
720 1210
721 1011
721 1020
721 1152
721 1161
721 1209
722 1059
722 1182
722 1223
723 1058
723 1179
723 1225
724 1057
724 1177
724 1224
725 1056
725 1175
725 1226
726 1080
726 1097
726 1191
726 1193
726 1220
726 1222
727 1079
727 1096
727 1190
727 1195
727 1218
728 1078
728 1095
728 1189
728 1194
728 1217
729 1077
729 1094
729 1188
729 1197
729 1216
730 1124
730 1202
731 1018
731 1027
731 1159
731 1167
731 1204
732 1017
732 1026
732 1158
732 1166
732 1203
733 1016
733 1025
733 1157
733 1165
733 1206
734 2042
735 1874
736 1875
737 1876
738 2044
739 1879
740 1880
741 1881
742 1882
743 2046
744 1895
745 1896
746 1897
747 1898
748 1071
748 2180
748 2413
749 920
750 1082
751 1122
751 1253
752 1076
752 1093
752 1187
752 1196
752 1215
753 1075
753 1092
753 1186
753 1192
753 1199
753 1219
753 1221
754 1074
754 1091
754 1185
754 1198
754 1214
755 1073
755 1090
755 1184
755 1201
755 1213
756 1072
756 1089
756 1183
756 1200
756 1212
757 1059
757 1181
757 1266
758 1058
758 1178
758 1268
759 1057
759 1176
759 1267
760 1056
760 1174
760 1270
761 1055
761 1173
761 1269
762 1053
762 1180
762 1272
763 1052
763 1172
763 1271
764 1050
764 1171
764 1274
765 1048
765 1170
765 1273
766 1101
767 1106
768 1121
768 1250
768 1259
769 1119
769 1249
769 1258
770 1117
770 1248
770 1261
771 1115
771 1246
771 1260
772 1114
772 1251
772 1263
773 1113
773 1244
773 1262
774 1112
774 1242
774 1265
775 1111
775 1240
775 1264
776 1126
777 930
777 931
778 932
778 933
779 934
779 935
780 936
780 937
781 938
781 939
782 1135
782 2834
783 1137
783 2432
784 1138
784 2835
785 1139
785 2591
786 942
786 943
787 944
787 945
788 946
788 947
789 948
789 949
790 950
790 951
791 956
791 957
792 958
792 1291
793 959
793 1290
794 960
794 1293
795 961
795 1292
796 924
797 925
798 962
798 963
799 964
799 1296
800 965
800 1295
801 966
801 1298
802 967
802 1297
803 926
804 927
805 968
805 969
806 970
806 1301
807 971
807 1300
808 972
808 1303
809 973
809 1302
810 1141
810 1373
811 1142
811 1372
812 1143
812 1375
813 1144
813 1374
814 974
814 975
815 976
815 977
816 978
816 979
817 980
817 981
818 982
818 983
819 984
819 985
820 986
820 987
821 988
821 989
822 990
822 991
823 1147
823 2790
824 1149
824 2593
825 992
825 993
826 994
826 995
827 996
827 997
828 998
828 999
829 1000
829 1001
830 1002
830 1003
831 1004
831 1005
832 1006
832 1007
833 1008
833 1009
834 1010
834 2398
835 1019
835 2040
836 1028
836 2041
837 1029
837 1323
838 1030
838 1322
839 1031
839 1325
840 1032
840 1324
841 1033
841 1327
842 1034
842 1326
843 1035
843 1329
844 1036
844 1328
845 1037
845 1331
846 1038
846 1330
847 1039
847 1333
848 1040
848 1332
849 1041
849 1335
850 1042
850 1334
851 1043
851 1337
852 1044
852 1336
853 1045
853 1339
854 1046
854 1338
855 1047
855 1657
856 1049
856 1658
857 1051
857 1659
858 1054
858 1660
859 1060
859 1667
860 1061
860 1341
861 1062
861 1340
862 1063
862 1343
863 1064
863 1342
864 1065
864 1345
865 1066
865 1344
866 1067
866 1347
867 1068
867 1346
868 1069
868 1349
869 1070
869 1348
870 1081
870 1082
871 1083
871 1353
872 1084
872 1352
873 1085
873 1355
874 1086
874 1354
875 928
876 929
877 1087
877 1679
878 1088
878 1684
879 1098
879 1698
880 1099
880 1701
881 1227
881 1377
882 1228
882 1376
883 1229
883 1379
884 1230
884 1378
885 1100
885 1101
886 1102
886 1358
887 1103
887 1357
888 1104
888 1702
889 1105
889 1106
890 1107
890 1361
891 1108
891 1360
892 1109
892 1363
893 1110
893 1362
894 1236
894 1381
895 1237
895 1380
896 1238
896 1383
897 1239
897 1382
898 1116
898 1711
899 1118
899 1712
900 1120
900 1713
901 1123
901 1716
902 1125
902 1126
903 1127
903 1366
904 1128
904 1365
905 1129
905 1368
906 1130
906 1367
907 1254
907 1385
908 1255
908 1384
909 1256
909 1387
910 1257
910 1386
911 1131
911 1370
912 1132
912 1369
913 1133
913 1721
914 1287
915 954
916 1288
917 955
918 957
919 963
920 1350
920 2538
920 3095
921 1371
921 2431
922 2987
923 2988
924 1145
925 1145
926 1146
927 1146
928 1211
929 1211
930 1389
931 1277
932 1390
933 1278
934 1391
935 1279
936 1392
937 1280
938 1393
939 1281
940 1276
941 1276
942 1394
943 1282
944 1395
945 1283
946 1396
947 1284
948 1397
949 1285
950 1398
951 1286
952 1275
953 1275
954 1287
955 1288
956 1289
957 1400
958 1290
959 1291
960 1292
961 1293
962 1294
963 1403
964 1295
965 1296
966 1297
967 1298
968 1299
969 1406
970 1300
971 1301
972 1302
973 1303
974 1411
975 1304
976 1412
977 1305
978 1413
979 1306
980 1414
981 1307
982 1415
983 1308
984 1416
985 1309
986 1417
987 1310
988 1418
989 1311
990 1419
991 1312
992 1420
993 1313
994 1421
995 1314
996 1422
997 1315
998 1423
999 1316
1000 1424
1001 1317
1002 1425
1003 1318
1004 1426
1005 1319
1006 1427
1007 1320
1008 1428
1009 1321
1010 2111
1011 2400
1012 2117
1012 2453
1012 2454
1013 2118
1013 2120
1013 2123
1013 2455
1013 2456
1014 1605
1014 2119
1014 2121
1014 2124
1014 2125
1014 2127
1015 2402
1016 2128
1016 2684
1017 2129
1017 2133
1017 2685
1018 2130
1018 2134
1018 2136
1018 2686
1019 1860
1020 2403
1021 2141
1021 2457
1021 2458
1022 2142
1022 2144
1022 2147
1022 2404
1023 1608
1023 2143
1023 2145
1023 2148
1023 2149
1024 2406
1025 2150
1025 2460
1025 2710
1026 2151
1026 2155
1026 2158
1026 2459
1026 2707
1027 2152
1027 2156
1027 2159
1027 2161
1027 2163
1027 2407
1028 1871
1029 1322
1030 1323
1031 1324
1032 1325
1033 1326
1034 1327
1035 1328
1036 1329
1037 1330
1038 1331
1039 1332
1040 1333
1041 1334
1042 1335
1043 1336
1044 1337
1045 1338
1046 1339
1047 1475
1048 2409
1049 1477
1050 2170
1051 1479
1052 2171
1053 2172
1054 1481
1055 2411
1056 2175
1057 2176
1058 2177
1059 2178
1060 1489
1061 1340
1062 1341
1063 1342
1064 1343
1065 1344
1066 1345
1067 1346
1068 1347
1069 1348
1070 1349
1071 1388
1072 2414
1073 2182
1073 2463
1073 2464
1074 2183
1074 2185
1074 2188
1074 2465
1074 2466
1075 1610
1075 2184
1075 2186
1075 2189
1075 2190
1075 2192
1076 2416
1077 2195
1077 3189
1078 2196
1078 2200
1078 3190
1079 2197
1079 2201
1079 2203
1079 3191
1080 2198
1080 2202
1080 2204
1080 2205
1080 3192
1081 1351
1082 1516
1083 1352
1084 1353
1085 1354
1086 1355
1087 1520
1088 1526
1089 2419
1090 2219
1090 2471
1090 2472
1091 2220
1091 2222
1091 2225
1091 2420
1092 1620
1092 2221
1092 2223
1092 2226
1092 2227
1093 2422
1094 2230
1094 2475
1094 2477
1095 2231
1095 2235
1095 2239
1095 2473
1095 2476
1096 2232
1096 2236
1096 2240
1096 2242
1096 2245
1096 2423
1097 1622
1097 2233
1097 2237
1097 2241
1097 2243
1097 2246
1097 2247
1098 1551
1099 1554
1100 1356
1101 1556
1102 1357
1103 1358
1104 1559
1105 1359
1106 1560
1107 1360
1108 1361
1109 1362
1110 1363
1111 2426
1112 2261
1113 2262
1114 2263
1115 2428
1116 1572
1117 2266
1118 1574
1119 2267
1120 1576
1121 2268
1122 2269
1123 1579
1124 1446
1124 1462
1124 1604
1124 1606
1124 1609
1125 1364
1126 1581
1127 1365
1128 1366
1129 1367
1130 1368
1131 1369
1132 1370
1133 1590
1134 1595
1134 1596
1135 2787
1136 1597
1136 1598
1137 2294
1138 2789
1139 2434
1140 1599
1140 2592
1141 1372
1142 1373
1143 1374
1144 1375
1145 1409
1145 2891
1146 1410
1146 2892
1147 2696
1148 1602
1148 2791
1149 2446
1150 1603
1150 2594
1151 1429
1151 2399
1152 1430
1152 1431
1153 1432
1153 1433
1154 1434
1154 1435
1155 1436
1155 1437
1156 1438
1156 1439
1157 1440
1157 1441
1158 1442
1158 1443
1159 1444
1159 1445
1160 1447
1160 2647
1161 1448
1161 1449
1162 1450
1162 1451
1163 1452
1163 1453
1164 1454
1164 1455
1165 1456
1165 1457
1166 1458
1166 1459
1167 1460
1167 1461
1168 1463
1168 1464
1169 1607
1169 2917
1170 1474
1170 1475
1171 1476
1171 1477
1172 1478
1172 1479
1173 1480
1173 1481
1174 1482
1174 1662
1175 1483
1175 1661
1176 1484
1176 1664
1177 1485
1177 1663
1178 1486
1178 1666
1179 1487
1179 1665
1180 1488
1180 1489
1181 1490
1181 1669
1182 1491
1182 1668
1183 1497
1183 1498
1184 1499
1184 1500
1185 1501
1185 1502
1186 1503
1186 1504
1187 1505
1187 1506
1188 1507
1188 1508
1189 1509
1189 1510
1190 1511
1190 1512
1191 1513
1191 1514
1192 1515
1192 2664
1193 1519
1193 1520
1194 1521
1194 1681
1195 1522
1195 1680
1196 1523
1196 1683
1197 1524
1197 1682
1198 1611
1198 1729
1199 1612
1199 1728
1200 1613
1200 1731
1201 1614
1201 1730
1202 1525
1202 1526
1203 1527
1203 1686
1204 1528
1204 1685
1205 1529
1205 1688
1206 1530
1206 1687
1207 1615
1207 1733
1208 1616
1208 1732
1209 1617
1209 1735
1210 1618
1210 1734
1211 1531
1211 2909
1212 1532
1212 1533
1213 1534
1213 1535
1214 1536
1214 1537
1215 1538
1215 1539
1216 1540
1216 1541
1217 1542
1217 1543
1218 1544
1218 1545
1219 1546
1219 1547
1220 1548
1220 1549
1221 1619
1221 2920
1222 1621
1222 2795
1223 1550
1223 1551
1224 1552
1224 1700
1225 1553
1225 1699
1226 1554
1226 1555
1227 1376
1228 1377
1229 1378
1230 1379
1231 1558
1231 1559
1232 1623
1232 1737
1233 1624
1233 1736
1234 1625
1234 1739
1235 1626
1235 1738
1236 1380
1237 1381
1238 1382
1239 1383
1240 1563
1240 1704
1241 1564
1241 1703
1242 1565
1242 1706
1243 1566
1243 1705
1244 1567
1244 1708
1245 1568
1245 1707
1246 1569
1246 1710
1247 1570
1247 1709
1248 1571
1248 1572
1249 1573
1249 1574
1250 1575
1250 1576
1251 1577
1251 1715
1252 1578
1252 1714
1253 1579
1253 1580
1254 1384
1255 1385
1256 1386
1257 1387
1258 1585
1258 1718
1259 1586
1259 1717
1260 1587
1260 1720
1261 1588
1261 1719
1262 1631
1262 1741
1263 1632
1263 1740
1264 1633
1264 1743
1265 1634
1265 1742
1266 1589
1266 1590
1267 1591
1267 1723
1268 1592
1268 1722
1269 1593
1269 1725
1270 1594
1270 1724
1271 1635
1271 1745
1272 1636
1272 1744
1273 1637
1273 1747
1274 1638
1274 1746
1275 3124
1276 3173
1277 1389
1278 1390
1279 1391
1280 1392
1281 1393
1282 1394
1283 1395
1284 1396
1285 1397
1286 1398
1287 1399
1288 3234
1289 1400
1290 1401
1291 1401
1292 1402
1293 1402
1294 1403
1295 1404
1296 1404
1297 1405
1298 1405
1299 1406
1300 1407
1301 1407
1302 1408
1303 1408
1304 1411
1305 1412
1306 1413
1307 1414
1308 1415
1309 1416
1310 1417
1311 1418
1312 1419
1313 1420
1314 1421
1315 1422
1316 1423
1317 1424
1318 1425
1319 1426
1320 1427
1321 1428
1322 1465
1323 1465
1324 1466
1325 1466
1326 1467
1327 1467
1328 1468
1329 1468
1330 1469
1331 1469
1332 1470
1333 1470
1334 1471
1335 1471
1336 1472
1337 1472
1338 1473
1339 1473
1340 1492
1341 1492
1342 1493
1343 1493
1344 1494
1345 1494
1346 1495
1347 1495
1348 1496
1349 1496
1350 1388
1351 1516
1352 1517
1353 1517
1354 1518
1355 1518
1356 1556
1357 1557
1358 1557
1359 1560
1360 1561
1361 1561
1362 1562
1363 1562
1364 1581
1365 1582
1366 1582
1367 1583
1368 1583
1369 1584
1370 1584
1371 2292
1372 1601
1373 1601
1374 1600
1375 1600
1376 1628
1377 1628
1378 1627
1379 1627
1380 1630
1381 1630
1382 1629
1383 1629
1384 1640
1385 1640
1386 1639
1387 1639
1388 3121
1389 1749
1389 1751
1389 1752
1389 1753
1389 1754
1389 1972
1389 1978
1390 1749
1390 1752
1390 1753
1390 1754
1390 1756
1390 1757
1390 1758
1390 1759
1390 1760
1390 1761
1390 1762
1390 1974
1390 1975
1391 1749
1391 1753
1391 1755
1391 1757
1391 1758
1391 1759
1391 1761
1391 1762
1391 1763
1391 1764
1391 1765
1391 1766
1391 1767
1391 1973
1391 1979
1392 1750
1392 1755
1392 1758
1392 1759
1392 1762
1392 1764
1392 1765
1392 1767
1392 1768
1392 1769
1392 1971
1392 1977
1393 1750
1393 1759
1393 1765
1393 1769
1393 1970
1393 1976
1394 1770
1394 1772
1394 1773
1394 1774
1394 1775
1394 1964
1395 1771
1395 1773
1395 1774
1395 1775
1395 1777
1395 1778
1395 1779
1395 1965
1395 3013
1396 1770
1396 1774
1396 1776
1396 1778
1396 1779
1396 1780
1396 1781
1396 1966
1396 3013
1396 3015
1397 1770
1397 1776
1397 1779
1397 1781
1397 1782
1397 1967
1397 3013
1397 3015
1397 3016
1398 1771
1398 1963
1398 3014
1398 3015
1398 3016
1398 3017
1399 3156
1400 1783
1400 2094
1400 2382
1401 1784
1401 2094
1401 2381
1402 1789
1402 1790
1403 1785
1403 2096
1403 2384
1404 1786
1404 2096
1404 2383
1405 1791
1405 1792
1406 1787
1406 2098
1406 2386
1407 1788
1407 2098
1407 2385
1408 1793
1408 1794
1409 2814
1410 2816
1411 1795
1411 1796
1411 1797
1411 1798
1411 1984
1411 1988
1412 1795
1412 1797
1412 1798
1412 1799
1412 1800
1412 1801
1412 1802
1412 1803
1412 1985
1412 1989
1413 1795
1413 1798
1413 1800
1413 1801
1413 1803
1413 1804
1413 1825
1413 1983
1413 1987
1414 1805
1414 1807
1414 1808
1414 1809
1414 1810
1414 1992
1414 1998
1415 1805
1415 1808
1415 1809
1415 1810
1415 1812
1415 1813
1415 1814
1415 1815
1415 1816
1415 1817
1415 1818
1415 1994
1415 1995
1416 1805
1416 1809
1416 1811
1416 1813
1416 1814
1416 1815
1416 1817
1416 1818
1416 1819
1416 1820
1416 1821
1416 1822
1416 1823
1416 1993
1416 1999
1417 1806
1417 1811
1417 1814
1417 1815
1417 1818
1417 1820
1417 1821
1417 1823
1417 1824
1417 1826
1417 1991
1417 1997
1418 1795
1418 1801
1418 1825
1418 1982
1418 1986
1419 1806
1419 1815
1419 1821
1419 1826
1419 1990
1419 1996
1420 1827
1420 1828
1420 1829
1420 1830
1420 2000
1420 2001
1421 1827
1421 1829
1421 1830
1421 1831
1421 1832
1421 1833
1421 1834
1421 1835
1421 2002
1421 2003
1422 1827
1422 1830
1422 1832
1422 1833
1422 1835
1422 1836
1422 1837
1422 1838
1422 2004
1422 2005
1423 1748
1423 1827
1423 1833
1423 1837
1423 3222
1424 1839
1424 1841
1424 1842
1424 1843
1424 1844
1424 1959
1425 1840
1425 1842
1425 1843
1425 1844
1425 1846
1425 1847
1425 1848
1425 1960
1425 3020
1426 1839
1426 1843
1426 1845
1426 1847
1426 1848
1426 1849
1426 1850
1426 1961
1426 3020
1426 3022
1427 1839
1427 1845
1427 1848
1427 1850
1427 1851
1427 1962
1427 3020
1427 3022
1427 3023
1428 1840
1428 1958
1428 3021
1428 3022
1428 3023
1428 3024
1429 2113
1430 1852
1431 1641
1432 1853
1433 1642
1434 1854
1435 1643
1436 1855
1437 1644
1438 1856
1439 1645
1440 1857
1441 1646
1442 1858
1443 1647
1444 1859
1445 1648
1446 2131
1446 2135
1446 2137
1446 2138
1446 2687
1447 2520
1448 1863
1449 1649
1450 1864
1451 1650
1452 1865
1453 1651
1454 1866
1455 1652
1456 1867
1457 1653
1458 1868
1459 1654
1460 1869
1461 1655
1462 2008
1462 2153
1462 2157
1462 2160
1462 2162
1462 2164
1462 2165
1463 1870
1464 1656
1465 1873
1465 1874
1465 1875
1465 1876
1466 1873
1466 1875
1466 1876
1467 1873
1467 1876
1468 1877
1468 1879
1468 1880
1468 1881
1468 1882
1469 1877
1469 1880
1469 1881
1469 1882
1470 1877
1470 1881
1470 1883
1471 1878
1471 1883
1472 1873
1473 1878
1474 1657
1475 1884
1476 1658
1477 1885
1478 1659
1479 1886
1480 1660
1481 1887
1482 1661
1483 1662
1484 1663
1485 1664
1486 1665
1487 1666
1488 1667
1489 1891
1490 1668
1491 1669
1492 1893
1492 1895
1492 1896
1492 1897
1492 1898
1493 1893
1493 1896
1493 1897
1493 1898
1494 1893
1494 1897
1494 1899
1495 1894
1495 1899
1496 1894
1497 1900
1498 1670
1499 1901
1500 1671
1501 1902
1502 1672
1503 1903
1504 1673
1505 1904
1506 1674
1507 1905
1508 1675
1509 1906
1510 1676
1511 1907
1512 1677
1513 1908
1514 1678
1515 2544
1516 1910
1516 2216
1516 2418
1517 1911
1517 2216
1517 2417
1518 1918
1518 1919
1519 1679
1520 1912
1521 1680
1522 1681
1523 1682
1524 1683
1525 1684
1526 1915
1527 1685
1528 1686
1529 1687
1530 1688
1531 2830
1532 1920
1533 1689
1534 1921
1535 1690
1536 1922
1537 1691
1538 1923
1539 1692
1540 1924
1541 1693
1542 1925
1543 1694
1544 1926
1545 1695
1546 1927
1547 1696
1548 1928
1549 1697
1550 1698
1551 1929
1552 1699
1553 1700
1554 1931
1555 1701
1556 1932
1556 2570
1556 2675
1557 1933
1557 2570
1557 2674
1558 1702
1559 1934
1560 1935
1560 2258
1560 2425
1561 1936
1561 2258
1561 2424
1562 1937
1562 1938
1563 1703
1564 1704
1565 1705
1566 1706
1567 1707
1568 1708
1569 1709
1570 1710
1571 1711
1572 1943
1573 1712
1574 1944
1575 1713
1576 1945
1577 1714
1578 1715
1579 1947
1580 1716
1581 1948
1581 2280
1581 2430
1582 1949
1582 2280
1582 2429
1583 1956
1583 1957
1584 1950
1584 2584
1584 2680
1585 1717
1586 1718
1587 1719
1588 1720
1589 1721
1590 1953
1591 1722
1592 1723
1593 1724
1594 1725
1595 1726
1596 1968
1597 1727
1598 1969
1599 2438
1600 1980
1600 2053
1601 1981
1601 2052
1602 2698
1603 2450
1604 1860
1604 1861
1605 1862
1605 2648
1606 1871
1606 1872
1607 2847
1608 2006
1608 2918
1609 2007
1609 2919
1610 1909
1610 2665
1611 1728
1612 1729
1613 1730
1614 1731
1615 1732
1616 1733
1617 1734
1618 1735
1619 2861
1620 2017
1620 2921
1621 2722
1622 2018
1622 2796
1623 1736
1624 1737
1625 1738
1626 1739
1627 2011
1627 2068
1628 2012
1628 2067
1629 2009
1629 2066
1630 2010
1630 2065
1631 1740
1632 1741
1633 1742
1634 1743
1635 1744
1636 1745
1637 1746
1638 1747
1639 2021
1639 2070
1640 2022
1640 2069
1641 1852
1642 1853
1643 1854
1644 1855
1645 1856
1646 1857
1647 1858
1648 1859
1649 1863
1650 1864
1651 1865
1652 1866
1653 1867
1654 1868
1655 1869
1656 1870
1657 1884
1658 1885
1659 1886
1660 1887
1661 1888
1662 1888
1663 1889
1664 1889
1665 1890
1666 1890
1667 1891
1668 1892
1669 1892
1670 1900
1671 1901
1672 1902
1673 1903
1674 1904
1675 1905
1676 1906
1677 1907
1678 1908
1679 1912
1680 1913
1681 1913
1682 1914
1683 1914
1684 1915
1685 1916
1686 1916
1687 1917
1688 1917
1689 1920
1690 1921
1691 1922
1692 1923
1693 1924
1694 1925
1695 1926
1696 1927
1697 1928
1698 1929
1699 1930
1700 1930
1701 1931
1702 1934
1703 1939
1704 1939
1705 1940
1706 1940
1707 1941
1708 1941
1709 1942
1710 1942
1711 1943
1712 1944
1713 1945
1714 1946
1715 1946
1716 1947
1717 1951
1718 1951
1719 1952
1720 1952
1721 1953
1722 1954
1723 1954
1724 1955
1725 1955
1726 1968
1727 1969
1728 2014
1729 2014
1730 2013
1731 2013
1732 2016
1733 2016
1734 2015
1735 2015
1736 2020
1737 2020
1738 2019
1739 2019
1740 2024
1741 2024
1742 2023
1743 2023
1744 2026
1745 2026
1746 2025
1747 2025
1748 3131
1749 2083
1749 2086
1749 3009
1750 1749
1751 2028
1752 2027
1753 2027
1754 2027
1755 1754
1756 2049
1757 2048
1758 2048
1759 2048
1760 2051
1761 2051
1762 2051
1763 2047
1764 2047
1765 2047
1766 2050
1767 2050
1768 2029
1769 2435
1770 2087
1770 3018
1771 1770
1772 2031
1773 2030
1774 2030
1775 2030
1776 1775
1777 3081
1778 3080
1779 3080
1780 3082
1781 3082
1782 3083
1783 2095
1783 2381
1784 2095
1784 2382
1785 2097
1785 2383
1786 2097
1786 2384
1787 2099
1787 2385
1788 2099
1788 2386
1789 2088
1789 2094
1790 2089
1790 2095
1791 2090
1791 2096
1792 2091
1792 2097
1793 2092
1793 2098
1794 2093
1794 2099
1795 2105
1795 2388
1796 2032
1797 2032
1798 2032
1799 2054
1800 2054
1801 2054
1802 2055
1803 2055
1804 2033
1805 2100
1805 2105
1806 1805
1807 2035
1808 2034
1809 2034
1810 2034
1811 1810
1812 2058
1813 2057
1814 2057
1815 2057
1816 2060
1817 2060
1818 2060
1819 2056
1820 2056
1821 2056
1822 2059
1823 2059
1824 2036
1825 2441
1826 2447
1827 2106
1827 2389
1828 2037
1829 2037
1830 2037
1831 2061
1832 2061
1833 2061
1834 2062
1835 2062
1836 2063
1837 2063
1838 2064
1839 2106
1839 3025
1840 1839
1841 2039
1842 2038
1843 2038
1844 2038
1845 1844
1846 3076
1847 3075
1848 3075
1849 3077
1850 3077
1851 3078
1852 2116
1852 2117
1852 2118
1852 2119
1852 2318
1852 2319
1853 2116
1853 2118
1853 2119
1853 2120
1853 2121
1853 2122
1853 2123
1853 2124
1853 2320
1853 2321
1854 2116
1854 2119
1854 2121
1854 2122
1854 2124
1854 2125
1854 2126
1854 2127
1854 2322
1854 2323
1855 2082
1855 2116
1855 2122
1855 2126
1855 3008
1856 2128
1856 2129
1856 2130
1856 2131
1856 2287
1856 2509
1857 2129
1857 2130
1857 2131
1857 2133
1857 2134
1857 2135
1857 2288
1857 2510
1857 2511
1858 2130
1858 2132
1858 2134
1858 2135
1858 2136
1858 2137
1858 2289
1858 2509
1858 2511
1858 2513
1859 2132
1859 2135
1859 2137
1859 2138
1859 2290
1859 2509
1859 2511
1859 2513
1859 2514
1860 2115
1861 2040
1862 2522
1863 2140
1863 2141
1863 2142
1863 2143
1863 2326
1863 2330
1864 2140
1864 2142
1864 2143
1864 2144
1864 2145
1864 2146
1864 2147
1864 2148
1864 2327
1864 2331
1865 2140
1865 2143
1865 2145
1865 2146
1865 2148
1865 2149
1865 2166
1865 2325
1865 2329
1866 2150
1866 2151
1866 2152
1866 2153
1866 2333
1866 2339
1866 2525
1867 2151
1867 2152
1867 2153
1867 2155
1867 2156
1867 2157
1867 2158
1867 2159
1867 2160
1867 2335
1867 2336
1867 2525
1867 2527
1868 2152
1868 2154
1868 2156
1868 2157
1868 2159
1868 2160
1868 2161
1868 2162
1868 2163
1868 2164
1868 2334
1868 2340
1868 2525
1868 2527
1868 2528
1869 2154
1869 2157
1869 2160
1869 2162
1869 2164
1869 2165
1869 2332
1869 2338
1869 2526
1869 2527
1869 2528
1869 2529
1870 2140
1870 2146
1870 2166
1870 2324
1870 2328
1871 2139
1872 2041
1873 2167
1873 2168
1874 2042
1875 2042
1876 2042
1877 2167
1878 1877
1879 2044
1880 2043
1881 2043
1882 2043
1883 1882
1884 2169
1884 2170
1884 2171
1884 2172
1885 2169
1885 2171
1885 2172
1886 2169
1886 2172
1887 2173
1887 2175
1887 2176
1887 2177
1887 2178
1888 2173
1888 2176
1888 2177
1888 2178
1889 2173
1889 2177
1889 2179
1890 2174
1890 2179
1891 2169
1892 2174
1893 2180
1893 2993
1894 1893
1895 2046
1896 2045
1897 2045
1898 2045
1899 1898
1900 2181
1900 2182
1900 2183
1900 2184
1900 2345
1900 2346
1901 2181
1901 2183
1901 2184
1901 2185
1901 2186
1901 2187
1901 2188
1901 2189
1901 2347
1901 2348
1902 2181
1902 2184
1902 2186
1902 2187
1902 2189
1902 2190
1902 2191
1902 2192
1902 2349
1902 2350
1903 2081
1903 2181
1903 2187
1903 2191
1903 3304
1904 2193
1904 2195
1904 2196
1904 2197
1904 2198
1904 2283
1905 2194
1905 2196
1905 2197
1905 2198
1905 2200
1905 2201
1905 2202
1905 2284
1905 3159
1906 2193
1906 2197
1906 2199
1906 2201
1906 2202
1906 2203
1906 2204
1906 2285
1906 3159
1906 3161
1907 2193
1907 2199
1907 2202
1907 2204
1907 2205
1907 2286
1907 3159
1907 3161
1907 3162
1908 2194
1908 2282
1908 3160
1908 3161
1908 3162
1908 3163
1909 2546
1910 2217
1910 2417
1911 2217
1911 2418
1912 2206
1912 2554
1912 2667
1913 2207
1913 2554
1913 2666
1914 2212
1914 2213
1915 2208
1915 2556
1915 2669
1916 2209
1916 2556
1916 2668
1917 2214
1917 2215
1918 2210
1918 2216
1919 2211
1919 2217
1920 2218
1920 2219
1920 2220
1920 2221
1920 2357
1920 2361
1921 2218
1921 2220
1921 2221
1921 2222
1921 2223
1921 2224
1921 2225
1921 2226
1921 2358
1921 2362
1922 2218
1922 2221
1922 2223
1922 2224
1922 2226
1922 2227
1922 2248
1922 2356
1922 2360
1923 2228
1923 2230
1923 2231
1923 2232
1923 2233
1923 2365
1923 2371
1924 2228
1924 2231
1924 2232
1924 2233
1924 2235
1924 2236
1924 2237
1924 2238
1924 2239
1924 2240
1924 2241
1924 2367
1924 2368
1925 2228
1925 2232
1925 2234
1925 2236
1925 2237
1925 2238
1925 2240
1925 2241
1925 2242
1925 2243
1925 2244
1925 2245
1925 2246
1925 2366
1925 2372
1926 2229
1926 2234
1926 2237
1926 2238
1926 2241
1926 2243
1926 2244
1926 2246
1926 2247
1926 2249
1926 2364
1926 2370
1927 2218
1927 2224
1927 2248
1927 2355
1927 2359
1928 2229
1928 2238
1928 2244
1928 2249
1928 2363
1928 2369
1929 2250
1929 2568
1929 2673
1930 2251
1930 2568
1930 2672
1931 2252
1931 2253
1932 2571
1932 2674
1933 2571
1933 2675
1934 2254
1934 2255
1935 2259
1935 2424
1936 2259
1936 2425
1937 2256
1937 2258
1938 2257
1938 2259
1939 2260
1939 2261
1939 2262
1939 2263
1940 2260
1940 2262
1940 2263
1941 2260
1941 2263
1942 2264
1942 2266
1942 2267
1942 2268
1942 2269
1943 2264
1943 2267
1943 2268
1943 2269
1944 2264
1944 2268
1944 2270
1945 2265
1945 2270
1946 2260
1947 2265
1948 2281
1948 2429
1949 2281
1949 2430
1950 2585
1950 2679
1951 2271
1951 2584
1951 2679
1952 2276
1952 2277
1953 2272
1953 2586
1953 2682
1954 2273
1954 2586
1954 2681
1955 2278
1955 2279
1956 2274
1956 2280
1957 2275
1957 2281
1958 2071
1958 3127
1959 2072
1959 3175
1960 2073
1960 3176
1961 2074
1961 3177
1962 2075
1962 3178
1963 2076
1963 3140
1964 2077
1964 3180
1965 2078
1965 3181
1966 2079
1966 3182
1967 2080
1967 3183
1968 2291
1968 2292
1969 2293
1969 2294
1970 2295
1970 3236
1971 2296
1971 3336
1972 2297
1972 3392
1973 2298
1973 3452
1974 2084
1974 3501
1975 2085
1975 3502
1976 2300
1976 3237
1977 2301
1977 3337
1978 2302
1978 3393
1979 2299
1979 3453
1980 2052
1981 2053
1982 2304
1982 3166
1983 2305
1983 3296
1984 2306
1984 3364
1985 2101
1985 3420
1986 2307
1986 3167
1987 2308
1987 3297
1988 2309
1988 3365
1989 2102
1989 3421
1990 2310
1990 3239
1991 2311
1991 3338
1992 2312
1992 3394
1993 2313
1993 3454
1994 2103
1994 3503
1995 2104
1995 3504
1996 2315
1996 3240
1997 2316
1997 3339
1998 2317
1998 3395
1999 2314
1999 3455
2000 2107
2000 2503
2001 2108
2001 2504
2002 2109
2002 2505
2003 2110
2003 2506
2004 2111
2004 2112
2005 2113
2005 2114
2006 2849
2007 2851
2008 2337
2008 2793
2009 2065
2010 2066
2011 2067
2012 2068
2013 2351
2013 2468
2014 2352
2014 2467
2015 2353
2015 2470
2016 2354
2016 2469
2017 2863
2018 2726
2019 2343
2019 2462
2020 2344
2020 2461
2021 2069
2022 2070
2023 2376
2023 2481
2024 2377
2024 2480
2025 2374
2025 2479
2026 2375
2026 2478
2027 2379
2027 2380
2027 3186
2028 2027
2029 2435
2029 2439
2030 2378
2030 3068
2031 2030
2032 2501
2033 2441
2033 2443
2034 2387
2034 2388
2034 3458
2035 2034
2036 2447
2036 2451
2037 2502
2038 2389
2038 3069
2039 2038
2040 2115
2041 2139
2042 2408
2043 2168
2044 2043
2045 2412
2045 2413
2046 2045
2047 2433
2047 2434
2048 2436
2048 3085
2049 2048
2050 2437
2050 2438
2051 2440
2051 3086
2052 2303
2053 2303
2054 2442
2054 3000
2055 2444
2055 3001
2056 2445
2056 2446
2057 2448
2057 3087
2058 2057
2059 2449
2059 2450
2060 2452
2060 3088
2061 2390
2061 2391
2062 2392
2062 2393
2063 2394
2063 2395
2064 2396
2064 2397
2065 2341
2066 2341
2067 2342
2068 2342
2069 2373
2070 2373
2071 3097
2072 3133
2073 3135
2074 3137
2075 3139
2076 3099
2077 3142
2078 3144
2079 3146
2080 3148
2081 3255
2082 2933
2083 2633
2084 3481
2085 3483
2086 2736
2086 2878
2086 2879
2086 2880
2087 2730
2087 2870
2087 2871
2087 2872
2088 2381
2089 2382
2090 2383
2091 2384
2092 2385
2093 2386
2094 2494
2095 2495
2096 2496
2097 2497
2098 2498
2099 2499
2100 2634
2101 3402
2102 3404
2103 3485
2104 3487
2105 2878
2105 2879
2105 2880
2105 2894
2105 2895
2105 2896
2106 2870
2106 2871
2106 2872
2106 2904
2106 2905
2106 2906
2107 2391
2108 2393
2109 2395
2110 2397
2111 2507
2112 2398
2113 2484
2114 2399
2115 2510
2115 2512
2115 2513
2115 2514
2115 2515
2115 2588
2116 2508
2116 2638
2116 2743
2117 2400
2118 2400
2119 2400
2120 2453
2121 2453
2122 2453
2123 2454
2124 2454
2125 2455
2126 2455
2127 2456
2128 2402
2129 2401
2130 2401
2131 2401
2132 2131
2133 2684
2134 2683
2135 2683
2136 2685
2137 2685
2138 2686
2139 2526
2139 2527
2139 2528
2139 2529
2139 2601
2139 2606
2140 2524
2140 2651
2140 2755
2141 2403
2142 2403
2143 2403
2144 2457
2145 2457
2146 2457
2147 2458
2148 2458
2149 2404
2150 2406
2151 2405
2152 2405
2153 2405
2154 2153
2155 2710
2156 2709
2157 2709
2158 2460
2159 2460
2160 2460
2161 2707
2162 2707
2163 2459
2164 2459
2165 2407
2166 2703
2167 2732
2167 2734
2167 2760
2167 2874
2167 2875
2167 2876
2167 2877
2167 2902
2167 2903
2168 2408
2169 2536
2169 2537
2169 2654
2170 2409
2171 2409
2172 2409
2173 2537
2173 3029
2174 2173
2175 2411
2176 2410
2177 2410
2178 2410
2179 2178
2180 2628
2180 2629
2180 2732
2180 2734
2180 2874
2180 2875
2180 2876
2180 2877
2181 2539
2181 2655
2182 2414
2183 2414
2184 2414
2185 2463
2186 2463
2187 2463
2188 2464
2189 2464
2190 2465
2191 2465
2192 2466
2193 2539
2193 3164
2194 2193
2195 2416
2196 2415
2197 2415
2198 2415
2199 2198
2200 3189
2201 3188
2202 3188
2203 3190
2204 3190
2205 3191
2206 2555
2206 2666
2207 2555
2207 2667
2208 2557
2208 2668
2209 2557
2209 2669
2210 2417
2211 2418
2212 2548
2212 2554
2213 2549
2213 2555
2214 2550
2214 2556
2215 2551
2215 2557
2216 2552
2217 2553
2218 2563
2218 2671
2219 2419
2220 2419
2221 2419
2222 2471
2223 2471
2224 2471
2225 2472
2226 2472
2227 2420
2228 2558
2228 2563
2229 2228
2230 2422
2231 2421
2232 2421
2233 2421
2234 2233
2235 2475
2236 2474
2237 2474
2238 2474
2239 2477
2240 2477
2241 2477
2242 2473
2243 2473
2244 2473
2245 2476
2246 2476
2247 2423
2248 2717
2249 2723
2250 2569
2250 2672
2251 2569
2251 2673
2252 2564
2252 2568
2253 2565
2253 2569
2254 2566
2254 2570
2255 2567
2255 2571
2256 2424
2257 2425
2258 2572
2259 2573
2260 2574
2260 2576
2260 2678
2261 2426
2262 2426
2263 2426
2264 2575
2264 2576
2265 2264
2266 2428
2267 2427
2268 2427
2269 2427
2270 2269
2271 2585
2271 2680
2272 2587
2272 2681
2273 2587
2273 2682
2274 2429
2275 2430
2276 2578
2276 2584
2277 2579
2277 2585
2278 2580
2278 2586
2279 2581
2279 2587
2280 2582
2281 2583
2282 2485
2282 3251
2283 2486
2283 3287
2284 2487
2284 3288
2285 2488
2285 3289
2286 2489
2286 3290
2287 2490
2287 2887
2288 2491
2288 2888
2289 2492
2289 2889
2290 2493
2290 2890
2291 2431
2292 2589
2293 2432
2294 2590
2295 3194
2296 3310
2297 3370
2298 3436
2299 3438
2300 3196
2301 3312
2302 3372
2303 2500
2303 2893
2304 3105
2305 3270
2306 3348
2307 3107
2308 3272
2309 3350
2310 3200
2311 3316
2312 3376
2313 3440
2314 3442
2315 3202
2316 3318
2317 3378
2318 2516
2318 2745
2319 2517
2319 2746
2320 2518
2320 2747
2321 2519
2321 2748
2322 2520
2322 2521
2323 2522
2323 2523
2324 2595
2324 3241
2325 2596
2325 3340
2326 2597
2326 3396
2327 2530
2327 3448
2328 2598
2328 3242
2329 2599
2329 3341
2330 2600
2330 3397
2331 2531
2331 3449
2332 2602
2332 3398
2333 2603
2333 3456
2334 2604
2334 3506
2335 2532
2335 3536
2336 2533
2336 3524
2337 2712
2338 2607
2338 3366
2339 2608
2339 3422
2340 2605
2340 3477
2341 2534
2341 2899
2342 2535
2342 2990
2343 2461
2344 2462
2345 2540
2345 2762
2346 2541
2346 2763
2347 2542
2347 2764
2348 2543
2348 2765
2349 2544
2349 2545
2350 2546
2350 2547
2351 2467
2352 2468
2353 2469
2354 2470
2355 2612
2355 3244
2356 2613
2356 3343
2357 2614
2357 3399
2358 2559
2358 3450
2359 2615
2359 3245
2360 2616
2360 3344
2361 2617
2361 3400
2362 2560
2362 3451
2363 2618
2363 3299
2364 2619
2364 3367
2365 2620
2365 3423
2366 2621
2366 3478
2367 2561
2367 3526
2368 2562
2368 3527
2369 2623
2369 3300
2370 2624
2370 3368
2371 2625
2371 3424
2372 2622
2372 3479
2373 2577
2373 2910
2374 2478
2375 2479
2376 2480
2377 2481
2378 2482
2379 2483
2380 2633
2380 3065
2380 3185
2381 2494
2382 2495
2383 2496
2384 2497
2385 2498
2386 2499
2387 2634
2387 3457
2388 2501
2389 2502
2390 2503
2391 2630
2392 2504
2393 2635
2394 2505
2395 2631
2396 2506
2397 2636
2398 2507
2399 2484
2400 2637
2400 2744
2400 3026
2401 2638
2401 2822
2402 2401
2403 2649
2403 2756
2403 2947
2404 2703
2404 2705
2405 2650
2405 2651
2405 3489
2406 2405
2407 2708
2407 2713
2408 2628
2408 2629
2408 2954
2409 2652
2409 2759
2409 3123
2410 2653
2410 2654
2411 2410
2412 3030
2413 2538
2414 2761
2415 2655
2415 3187
2416 2415
2417 2552
2418 2553
2419 2773
2420 2717
2420 2719
2421 2670
2421 2671
2421 3493
2422 2421
2423 2723
2423 2727
2424 2572
2425 2573
2426 2676
2426 2779
2426 2901
2427 2677
2427 2678
2428 2427
2429 2582
2430 2583
2431 2589
2432 2590
2433 2591
2434 2688
2435 2689
2435 2913
2436 3039
2437 2592
2438 2690
2439 2691
2439 2914
2440 3041
2441 2695
2441 2696
2442 2971
2443 2697
2443 2698
2444 2973
2445 2593
2446 2699
2447 2700
2447 2915
2448 3045
2449 2594
2450 2701
2451 2702
2451 2916
2452 3047
2453 2639
2453 2640
2454 2641
2454 2642
2455 2643
2455 2644
2456 2645
2456 2646
2457 2704
2457 3089
2458 2706
2458 3090
2459 2711
2459 2712
2460 2714
2460 3168
2461 2609
2462 2609
2463 2656
2463 2657
2464 2658
2464 2659
2465 2660
2465 2661
2466 2662
2466 2663
2467 2610
2468 2610
2469 2611
2470 2611
2471 2718
2471 3092
2472 2720
2472 3093
2473 2721
2473 2722
2474 2724
2474 3169
2475 2474
2476 2725
2476 2726
2477 2728
2477 3170
2478 2626
2479 2626
2480 2627
2481 2627
2482 2923
2483 2929
2484 3221
2485 3232
2486 3257
2487 3259
2488 3261
2489 3263
2490 2805
2491 2807
2492 2809
2493 2811
2494 2692
2495 2692
2496 2693
2497 2693
2498 2694
2499 2694
2500 2818
2501 2736
2501 2941
2502 2730
2502 2955
2503 2630
2504 2635
2505 2631
2506 2636
2507 2632
2508 2751
2509 2743
2509 2750
2510 2509
2511 2683
2512 2511
2513 2685
2514 2686
2515 2687
2516 2640
2517 2642
2518 2644
2519 2646
2520 2749
2521 2647
2522 2742
2523 2648
2524 2754
2525 2752
2525 2753
2525 2755
2526 2525
2527 2709
2528 2707
2529 2708
2530 3428
2531 3430
2532 3532
2533 3514
2534 2826
2535 2950
2536 2731
2537 2732
2537 2734
2537 2760
2537 2875
2537 2877
2537 2903
2538 2925
2538 2927
2539 2871
2539 2872
2539 2905
2539 2906
2539 2907
2539 2908
2540 2657
2541 2659
2542 2661
2543 2663
2544 2766
2545 2664
2546 2739
2547 2665
2548 2666
2549 2667
2550 2668
2551 2669
2552 2716
2553 2716
2554 2767
2555 2768
2556 2769
2557 2770
2558 2831
2559 3432
2560 3434
2561 3516
2562 3518
2563 2879
2563 2880
2563 2895
2563 2896
2563 2897
2563 2898
2564 2672
2565 2673
2566 2674
2567 2675
2568 2774
2569 2775
2570 2776
2571 2777
2572 2715
2573 2715
2574 2758
2575 2778
2576 2733
2576 2735
2576 2760
2577 2833
2578 2679
2579 2680
2580 2681
2581 2682
2582 2729
2583 2729
2584 2782
2585 2783
2586 2784
2587 2785
2588 2740
2588 2741
2589 2786
2589 2787
2590 2788
2590 2789
2591 2688
2592 2690
2593 2699
2594 2701
2595 3204
2596 3320
2597 3380
2598 3206
2599 3322
2600 3382
2601 2792
2601 3342
2602 3384
2603 3444
2604 3497
2605 3471
2606 2794
2606 3298
2607 3357
2608 3413
2609 2757
2609 2991
2610 2771
2610 2994
2611 2772
2611 2995
2612 3211
2613 3327
2614 3387
2615 3213
2616 3329
2617 3389
2618 3283
2619 3361
2620 3417
2621 3473
2622 3475
2623 3285
2624 3363
2625 3419
2626 2780
2626 2996
2627 2781
2627 2997
2628 2925
2629 2927
2630 3128
2631 3129
2632 3130
2633 2812
2633 3153
2634 2819
2634 3459
2635 2737
2636 2738
2637 2751
2638 2744
2639 2745
2640 2801
2641 2746
2642 2820
2643 2747
2644 2802
2645 2748
2646 2821
2647 2749
2648 2742
2649 2754
2650 2823
2650 2824
2650 3488
2651 2756
2652 2731
2653 3072
2654 2759
2655 2761
2656 2762
2657 2797
2658 2763
2659 2827
2660 2764
2661 2798
2662 2765
2663 2828
2664 2766
2665 2739
2666 2767
2667 2768
2668 2769
2669 2770
2670 2831
2670 3492
2671 2773
2672 2774
2673 2775
2674 2776
2675 2777
2676 2758
2677 2778
2678 2779
2679 2782
2680 2783
2681 2784
2682 2785
2683 2804
2683 2805
2684 2683
2685 2806
2685 2807
2686 2808
2686 2809
2687 2810
2687 2811
2688 2836
2688 2837
2689 2837
2690 2838
2690 2839
2691 2839
2692 2813
2692 2814
2693 2815
2693 2816
2694 2817
2694 2818
2695 2790
2696 2840
2697 2791
2698 2841
2699 2842
2699 2843
2700 2843
2701 2844
2701 2845
2702 2845
2703 2846
2703 2847
2704 3049
2705 2848
2705 2849
2706 3051
2707 2850
2707 2851
2708 2852
2708 3091
2709 2853
2709 3243
2710 2709
2711 2793
2712 2854
2713 2855
2713 3002
2714 3114
2715 2825
2715 2826
2716 2829
2716 2830
2717 2860
2717 2861
2718 3056
2719 2862
2719 2863
2720 3058
2721 2795
2722 2864
2723 2865
2723 3003
2724 3118
2725 2796
2726 2866
2727 2867
2727 3004
2728 3120
2729 2832
2729 2833
2730 2923
2731 3172
2732 2924
2733 2732
2734 2926
2735 2734
2736 2929
2737 3219
2738 3220
2739 3303
2740 2884
2741 2800
2742 3007
2743 2873
2743 2906
2743 2908
2744 2871
2744 2905
2744 2907
2745 2801
2746 2820
2747 2802
2748 2821
2749 2803
2750 2822
2751 2944
2752 2824
2753 2823
2754 2989
2755 2881
2755 2896
2755 2898
2756 2879
2756 2895
2756 2897
2757 2952
2758 2953
2759 2874
2759 2876
2759 2902
2760 2954
2761 2870
2761 2904
2761 2956
2762 2797
2763 2827
2764 2798
2765 2828
2766 2799
2767 2858
2768 2858
2769 2859
2770 2859
2771 2959
2772 2961
2773 2878
2773 2894
2773 2942
2774 2856
2775 2856
2776 2857
2777 2857
2778 2900
2778 2901
2779 2875
2779 2877
2779 2903
2780 2965
2781 2967
2782 2869
2783 2869
2784 2868
2785 2868
2786 2834
2787 2911
2788 2835
2789 2912
2790 2840
2791 2841
2792 3324
2793 2854
2794 3279
2795 2864
2796 2866
2797 3252
2798 3253
2799 3254
2800 2884
2801 2930
2802 2931
2803 2932
2804 2887
2805 2934
2806 2888
2807 2935
2808 2889
2809 2936
2810 2890
2811 2937
2812 3154
2813 2891
2814 2938
2815 2892
2816 2939
2817 2893
2818 2940
2819 3460
2820 2885
2821 2886
2822 2930
2822 2931
2822 2932
2822 2933
2822 2943
2822 2944
2823 2945
2823 2947
2824 2946
2824 3490
2825 2899
2826 2948
2827 2882
2828 2883
2829 2909
2830 2957
2831 2962
2831 3494
2832 2910
2833 2963
2834 2911
2835 2912
2836 2913
2837 2968
2838 2914
2839 2969
2840 2970
2840 2971
2841 2972
2841 2973
2842 2915
2843 2974
2844 2916
2845 2975
2846 2917
2847 2976
2848 2918
2849 2977
2850 2919
2851 2978
2852 3053
2853 3208
2854 2979
2854 2980
2855 2980
2856 2949
2856 2950
2857 2951
2857 2952
2858 2958
2858 2959
2859 2960
2859 2961
2860 2920
2861 2981
2862 2921
2863 2982
2864 2983
2864 2984
2865 2984
2866 2985
2866 2986
2867 2986
2868 2964
2868 2965
2869 2966
2869 2967
2870 2922
2871 2922
2872 2922
2873 2872
2874 2924
2875 2924
2876 2926
2877 2926
2878 2928
2879 2928
2880 2928
2881 2880
2882 3301
2883 3302
2885 3005
2886 3006
2887 2934
2888 2935
2889 2936
2890 2937
2891 2938
2892 2939
2893 2940
2894 2941
2895 2941
2896 2941
2897 2942
2898 2942
2899 2948
2900 2953
2901 2992
2902 2954
2903 2954
2904 2955
2905 2955
2906 2955
2907 2956
2908 2956
2909 2957
2910 2963
2911 2987
2911 2998
2912 2988
2912 2999
2913 2968
2914 2969
2915 2974
2916 2975
2917 2976
2918 2977
2919 2978
2920 2981
2921 2982
2923 2922
2925 2924
2927 2926
2929 2928
2930 3061
2931 3062
2932 3063
2933 3064
2938 3073
2939 3071
2940 3073
2941 3009
2941 3012
2942 3019
2942 3459
2942 3460
2942 3523
2943 3005
2943 3006
2943 3007
2943 3008
2943 3026
2944 3070
2945 2989
2946 3491
2947 3033
2948 3071
2949 2990
2950 3027
2951 2991
2952 3028
2953 2992
2954 2993
2955 3014
2955 3015
2955 3016
2955 3017
2955 3018
2955 3037
2956 3021
2956 3022
2956 3023
2956 3024
2956 3025
2956 3036
2957 3074
2958 2994
2959 3031
2960 2995
2961 3032
2962 3495
2963 3074
2964 2996
2965 3034
2966 2997
2967 3035
2968 3038
2968 3039
2969 3040
2969 3041
2970 3000
2971 3042
2972 3001
2973 3043
2974 3044
2974 3045
2975 3046
2975 3047
2976 3048
2976 3049
2977 3050
2977 3051
2978 3052
2978 3053
2979 3002
2980 3054
2981 3055
2981 3056
2982 3057
2982 3058
2983 3003
2984 3059
2985 3004
2986 3060
2987 3066
2988 3067
2989 3033
2990 3027
2991 3028
2992 3029
2993 3030
2994 3031
2995 3032
2996 3034
2997 3035
2998 3010
2999 3011
3000 3042
3001 3043
3002 3054
3003 3059
3004 3060
3005 3061
3006 3062
3007 3063
3008 3064
3009 3065
3010 3066
3011 3067
3012 3100
3012 3153
3012 3154
3012 3521
3013 3080
3014 3013
3015 3082
3016 3083
3017 3084
3018 3068
3019 3457
3019 3458
3019 3530
3020 3075
3021 3020
3022 3077
3023 3078
3024 3079
3025 3069
3026 3070
3027 3071
3028 3071
3029 3072
3030 3094
3030 3095
3031 3073
3032 3073
3033 3101
3033 3494
3033 3495
3033 3539
3034 3074
3035 3074
3036 3096
3036 3097
3037 3098
3037 3099
3038 3085
3039 3102
3040 3086
3041 3103
3042 3104
3042 3105
3043 3106
3043 3107
3044 3087
3045 3108
3046 3088
3047 3109
3048 3089
3049 3110
3050 3090
3051 3111
3052 3091
3053 3112
3054 3113
3054 3114
3055 3092
3056 3115
3057 3093
3058 3116
3059 3117
3059 3118
3060 3119
3060 3120
3065 3125
3065 3126
3066 3154
3066 3186
3067 3153
3067 3185
3068 3124
3068 3155
3068 3156
3068 3157
3069 3128
3069 3129
3069 3130
3069 3131
3069 3158
3070 3160
3070 3161
3070 3162
3070 3163
3070 3164
3070 3165
3071 3151
3071 3152
3072 3122
3072 3123
3073 3149
3073 3152
3074 3150
3074 3152
3075 3132
3075 3133
3076 3075
3077 3134
3077 3135
3078 3136
3078 3137
3079 3138
3079 3139
3080 3141
3080 3142
3081 3080
3082 3143
3082 3144
3083 3145
3083 3146
3084 3147
3084 3148
3085 3102
3086 3103
3087 3108
3088 3109
3089 3110
3090 3111
3091 3112
3092 3115
3093 3116
3094 3121
3095 3171
3096 3127
3097 3174
3098 3140
3099 3179
3100 3185
3100 3186
3100 3529
3101 3492
3101 3493
3101 3544
3102 3193
3102 3194
3103 3195
3103 3196
3104 3166
3105 3197
3106 3167
3107 3198
3108 3199
3108 3200
3109 3201
3109 3202
3110 3203
3110 3204
3111 3205
3111 3206
3112 3207
3112 3208
3113 3168
3114 3209
3115 3210
3115 3211
3116 3212
3116 3213
3117 3169
3118 3214
3119 3170
3120 3215
3121 3171
3122 3172
3123 3216
3124 3246
3125 3173
3126 3218
3127 3174
3128 3247
3129 3248
3130 3249
3131 3250
3132 3175
3133 3223
3134 3176
3135 3224
3136 3177
3137 3225
3138 3178
3139 3226
3140 3179
3141 3180
3142 3227
3143 3181
3144 3228
3145 3182
3146 3229
3147 3183
3148 3230
3152 3184
3153 3238
3154 3238
3155 3217
3155 3234
3155 3235
3156 3264
3157 3265
3158 3219
3158 3220
3158 3221
3158 3222
3159 3188
3160 3159
3161 3190
3162 3191
3163 3192
3164 3187
3165 3231
3165 3232
3166 3197
3167 3198
3168 3209
3169 3214
3170 3215
3172 3216
3173 3218
3175 3223
3176 3224
3177 3225
3178 3226
3180 3227
3181 3228
3182 3229
3183 3230
3184 3233
3185 3238
3186 3238
3187 3252
3187 3253
3187 3254
3187 3255
3187 3266
3188 3256
3188 3257
3189 3188
3190 3258
3190 3259
3191 3260
3191 3261
3192 3262
3192 3263
3193 3236
3194 3267
3195 3237
3196 3268
3197 3269
3197 3270
3198 3271
3198 3272
3199 3239
3200 3273
3201 3240
3202 3274
3203 3241
3204 3275
3205 3242
3206 3276
3207 3243
3208 3277
3209 3278
3209 3279
3210 3244
3211 3280
3212 3245
3213 3281
3214 3282
3214 3283
3215 3284
3215 3285
3217 3246
3219 3247
3220 3248
3221 3249
3222 3250
3231 3251
3232 3286
3234 3264
3235 3265
3236 3267
3237 3268
3238 3291
3238 3552
3239 3273
3240 3274
3241 3275
3242 3276
3243 3277
3244 3280
3245 3281
3251 3286
3252 3332
3253 3333
3254 3334
3255 3335
3256 3287
3257 3305
3258 3288
3259 3306
3260 3289
3261 3307
3262 3290
3263 3308
3264 3292
3264 3293
3265 3294
3265 3295
3266 3301
3266 3302
3266 3303
3266 3304
3267 3309
3267 3310
3268 3311
3268 3312
3269 3296
3270 3313
3271 3297
3272 3314
3273 3315
3273 3316
3274 3317
3274 3318
3275 3319
3275 3320
3276 3321
3276 3322
3277 3323
3277 3324
3278 3298
3279 3325
3280 3326
3280 3327
3281 3328
3281 3329
3282 3299
3283 3330
3284 3300
3285 3331
3287 3305
3288 3306
3289 3307
3290 3308
3291 3546
3296 3313
3297 3314
3298 3325
3299 3330
3300 3331
3301 3332
3302 3333
3303 3334
3304 3335
3309 3336
3310 3345
3311 3337
3312 3346
3313 3347
3313 3348
3314 3349
3314 3350
3315 3338
3316 3351
3317 3339
3318 3352
3319 3340
3320 3353
3321 3341
3322 3354
3323 3342
3324 3355
3325 3356
3325 3357
3326 3343
3327 3358
3328 3344
3329 3359
3330 3360
3330 3361
3331 3362
3331 3363
3336 3345
3337 3346
3338 3351
3339 3352
3340 3353
3341 3354
3342 3355
3343 3358
3344 3359
3345 3369
3345 3370
3346 3371
3346 3372
3347 3364
3348 3373
3349 3365
3350 3374
3351 3375
3351 3376
3352 3377
3352 3378
3353 3379
3353 3380
3354 3381
3354 3382
3355 3383
3355 3384
3356 3366
3357 3385
3358 3386
3358 3387
3359 3388
3359 3389
3360 3367
3361 3390
3362 3368
3363 3391
3364 3373
3365 3374
3366 3385
3367 3390
3368 3391
3369 3392
3370 3405
3371 3393
3372 3406
3373 3401
3373 3402
3374 3403
3374 3404
3375 3394
3376 3407
3377 3395
3378 3408
3379 3396
3380 3409
3381 3397
3382 3410
3383 3398
3384 3411
3385 3412
3385 3413
3386 3399
3387 3414
3388 3400
3389 3415
3390 3416
3390 3417
3391 3418
3391 3419
3392 3405
3393 3406
3394 3407
3395 3408
3396 3409
3397 3410
3398 3411
3399 3414
3400 3415
3401 3420
3402 3425
3403 3421
3404 3426
3405 3435
3405 3436
3406 3437
3406 3438
3407 3439
3407 3440
3408 3441
3408 3442
3409 3427
3409 3428
3410 3429
3410 3430
3411 3443
3411 3444
3412 3422
3413 3445
3414 3431
3414 3432
3415 3433
3415 3434
3416 3423
3417 3446
3418 3424
3419 3447
3420 3425
3421 3426
3422 3445
3423 3446
3424 3447
3425 3458
3425 3460
3426 3457
3426 3459
3427 3448
3428 3461
3429 3449
3430 3462
3431 3450
3432 3463
3433 3451
3434 3464
3435 3452
3436 3465
3437 3453
3438 3466
3439 3454
3440 3467
3441 3455
3442 3468
3443 3456
3444 3469
3445 3470
3445 3471
3446 3472
3446 3473
3447 3474
3447 3475
3448 3461
3449 3462
3450 3463
3451 3464
3452 3465
3453 3466
3454 3467
3455 3468
3456 3469
3457 3476
3458 3476
3459 3476
3460 3476
3461 3489
3461 3491
3462 3488
3462 3490
3463 3493
3463 3495
3464 3492
3464 3494
3465 3480
3465 3481
3466 3482
3466 3483
3467 3484
3467 3485
3468 3486
3468 3487
3469 3496
3469 3497
3470 3477
3471 3498
3472 3478
3473 3499
3474 3479
3475 3500
3476 3505
3476 3551
3477 3498
3478 3499
3479 3500
3480 3501
3481 3509
3482 3502
3483 3510
3484 3503
3485 3511
3486 3504
3487 3512
3488 3507
3489 3507
3490 3507
3491 3507
3492 3508
3493 3508
3494 3508
3495 3508
3496 3506
3497 3519
3498 3513
3498 3514
3499 3515
3499 3516
3500 3517
3500 3518
3501 3509
3502 3510
3503 3511
3504 3512
3505 3545
3506 3519
3507 3525
3507 3564
3508 3528
3508 3560
3509 3521
3510 3520
3511 3523
3512 3522
3513 3524
3514 3533
3515 3526
3516 3534
3517 3527
3518 3535
3519 3531
3519 3532
3520 3529
3521 3540
3522 3530
3523 3541
3524 3533
3525 3561
3526 3534
3527 3535
3528 3556
3529 3540
3530 3541
3531 3536
3532 3542
3533 3537
3534 3539
3535 3538
3536 3542
3537 3543
3538 3544
3539 3550
3540 3546
3540 3547
3541 3545
3541 3548
3542 3549
3543 3553
3544 3550
3545 3554
3546 3555
3547 3552
3548 3551
3549 3553
3550 3556
3550 3557
3551 3554
3552 3555
3553 3561
3553 3562
3554 3558
3555 3559
3556 3563
3557 3560
3560 3563
3561 3566
3562 3564
3563 3565
3564 3566
3566 3567
