0 232
0 240
1 233
1 242
2 234
2 244
3 235
3 246
4 236
4 248
5 237
5 250
6 238
6 252
7 239
7 254
8 40
8 41
9 42
9 43
10 44
10 45
11 46
11 47
12 48
12 49
13 50
13 51
14 52
14 53
15 54
15 55
16 56
16 57
17 58
17 59
18 60
18 61
19 62
19 63
20 64
20 65
21 66
21 67
22 68
22 69
23 70
23 71
24 72
24 73
25 74
25 75
26 76
26 77
27 78
27 79
28 80
28 81
29 82
29 83
30 84
30 85
31 86
31 87
32 88
32 89
33 90
33 91
34 92
34 93
35 94
35 95
36 96
36 97
37 98
37 99
38 100
38 101
39 102
39 103
40 104
41 104
42 105
43 105
44 106
45 106
46 107
47 107
48 108
49 108
50 109
51 109
52 110
53 110
54 111
55 111
56 112
57 112
58 113
59 113
60 114
61 114
62 115
63 115
64 116
65 116
66 117
67 117
68 118
69 118
70 119
71 119
72 120
73 120
74 121
75 121
76 122
77 122
78 123
79 123
80 124
81 124
82 125
83 125
84 126
85 126
86 127
87 127
88 128
89 128
90 129
91 129
92 130
93 130
94 131
95 131
96 132
97 132
98 133
99 133
100 134
101 134
102 135
103 135
104 136
104 152
105 136
105 153
106 137
106 154
107 137
107 155
108 138
108 156
109 138
109 157
110 139
110 158
111 139
111 159
112 140
112 160
113 140
113 161
114 141
114 162
115 141
115 163
116 142
116 164
117 142
117 165
118 143
118 166
119 143
119 167
120 144
120 168
121 144
121 169
122 145
122 170
123 145
123 171
124 146
124 172
125 146
125 173
126 147
126 174
127 147
127 175
128 148
128 176
129 148
129 177
130 149
130 178
131 149
131 179
132 150
132 180
133 150
133 181
134 151
134 182
135 151
135 183
136 152
136 153
137 154
137 155
138 156
138 157
139 158
139 159
140 160
140 161
141 162
141 163
142 164
142 165
143 166
143 167
144 168
144 169
145 170
145 171
146 172
146 173
147 174
147 175
148 176
148 177
149 178
149 179
150 180
150 181
151 182
151 183
152 184
153 184
154 185
155 185
156 186
157 186
158 187
159 187
160 188
161 188
162 189
163 189
164 190
165 190
166 191
167 191
168 192
169 192
170 193
171 193
172 194
173 194
174 195
175 195
176 196
177 196
178 197
179 197
180 198
181 198
182 199
183 199
184 200
184 202
184 208
184 212
185 200
185 203
185 209
185 214
186 201
186 202
186 210
186 213
187 201
187 203
187 211
187 215
188 204
188 206
188 216
188 220
189 204
189 207
189 217
189 222
190 205
190 206
190 218
190 221
191 205
191 207
191 219
191 223
192 264
192 272
193 265
193 274
194 266
194 276
195 267
195 278
196 268
196 280
197 269
197 282
198 270
198 284
199 271
199 286
200 208
200 209
201 210
201 211
202 212
202 213
203 214
203 215
204 216
204 217
205 218
205 219
206 220
206 221
207 222
207 223
208 224
209 224
210 225
211 225
212 226
213 226
214 227
215 227
216 228
217 228
218 229
219 229
220 230
221 230
222 231
223 231
224 236
224 249
225 237
225 251
226 238
226 253
227 239
227 255
228 232
228 241
229 233
229 243
230 234
230 245
231 235
231 247
232 240
232 241
233 242
233 243
234 244
234 245
235 246
235 247
236 248
236 249
237 250
237 251
238 252
238 253
239 254
239 255
240 256
241 256
242 257
243 257
244 258
245 258
246 259
247 259
248 260
249 260
250 261
251 261
252 262
253 262
254 263
255 263
256 264
256 273
257 265
257 275
258 266
258 277
259 267
259 279
260 268
260 281
261 269
261 283
262 270
262 285
263 271
263 287
264 272
264 273
265 274
265 275
266 276
266 277
267 278
267 279
268 280
268 281
269 282
269 283
270 284
270 285
271 286
271 287
272 288
273 288
274 289
275 289
276 290
277 290
278 291
279 291
280 295
281 295
282 292
283 292
284 294
285 294
286 293
287 293
288 296
288 299
288 302
288 332
288 334
288 339
288 355
288 357
288 362
288 366
288 370
288 374
289 297
289 300
289 305
289 328
289 330
289 338
289 359
289 361
289 363
289 367
289 371
289 375
290 298
290 303
290 306
290 331
290 335
290 337
290 354
290 358
290 364
290 368
290 372
290 376
291 301
291 304
291 307
291 329
291 333
291 336
291 356
291 360
291 365
291 369
291 373
291 377
292 308
292 310
292 317
292 320
292 325
292 342
292 351
292 353
292 379
292 383
292 387
292 391
293 309
293 313
293 321
293 324
293 327
293 340
293 348
293 352
293 381
293 385
293 389
293 393
294 311
294 315
294 318
294 323
294 326
294 341
294 346
294 350
294 380
294 384
294 388
294 392
295 312
295 314
295 316
295 319
295 322
295 343
295 347
295 349
295 378
295 382
295 386
295 390
296 336
297 336
298 336
299 337
300 337
301 337
302 338
303 338
304 338
305 339
306 339
307 339
308 347
309 346
310 349
311 348
312 351
313 350
314 353
315 352
316 340
317 340
318 340
319 341
320 341
321 341
322 342
323 342
324 342
325 343
326 343
327 343
328 355
329 354
330 357
331 356
332 359
333 358
334 361
335 360
336 344
337 344
338 344
339 344
340 345
341 345
342 345
343 345
344 346
344 348
344 350
344 352
345 354
345 356
345 358
345 360
346 362
346 363
346 364
346 365
347 346
348 366
348 367
348 368
348 369
349 348
350 370
350 371
350 372
350 373
351 350
352 374
352 375
352 376
352 377
353 352
354 378
354 379
354 380
354 381
355 354
356 382
356 383
356 384
356 385
357 356
358 386
358 387
358 388
358 389
359 358
360 390
360 391
360 392
360 393
361 360
362 394
362 427
363 395
363 429
364 396
364 431
365 397
365 433
366 398
366 435
367 399
367 437
368 400
368 439
369 401
369 441
370 402
370 443
371 403
371 445
372 404
372 447
373 405
373 449
374 406
374 451
375 407
375 453
376 408
376 455
377 409
377 457
378 410
378 459
379 411
379 461
380 412
380 463
381 413
381 465
382 414
382 467
383 415
383 469
384 416
384 471
385 417
385 473
386 418
386 475
387 419
387 477
388 420
388 479
389 421
389 481
390 422
390 483
391 423
391 485
392 424
392 487
393 425
393 489
394 426
394 427
395 428
395 429
396 430
396 431
397 432
397 433
398 434
398 435
399 436
399 437
400 438
400 439
401 440
401 441
402 442
402 443
403 444
403 445
404 446
404 447
405 448
405 449
406 450
406 451
407 452
407 453
408 454
408 455
409 456
409 457
410 458
410 459
411 460
411 461
412 462
412 463
413 464
413 465
414 466
414 467
415 468
415 469
416 470
416 471
417 472
417 473
418 474
418 475
419 476
419 477
420 478
420 479
421 480
421 481
422 482
422 483
423 484
423 485
424 486
424 487
425 488
425 489
426 490
427 490
428 491
429 491
430 492
431 492
432 493
433 493
434 494
435 494
436 495
437 495
438 496
439 496
440 497
441 497
442 498
443 498
444 499
445 499
446 500
447 500
448 501
449 501
450 502
451 502
452 503
453 503
454 504
455 504
456 505
457 505
458 506
459 506
460 507
461 507
462 508
463 508
464 509
465 509
466 510
467 510
468 511
469 511
470 512
471 512
472 513
473 513
474 514
475 514
476 515
477 515
478 516
479 516
480 517
481 517
482 518
483 518
484 519
485 519
486 520
487 520
488 521
489 521
490 522
491 523
492 524
493 525
494 526
495 527
496 528
497 529
498 530
499 531
500 532
501 533
502 534
503 535
504 536
505 537
506 538
507 539
508 540
509 541
510 542
511 543
512 544
513 545
514 546
515 547
516 548
517 549
518 550
519 551
520 552
521 553
