0 86
0 175
0 790
0 799
0 808
0 817
0 826
0 835
0 844
1 101
1 400
1 479
1 603
2 87
2 798
2 807
2 816
2 825
2 834
2 843
2 846
3 98
3 156
3 604
4 100
4 231
5 98
5 158
5 605
6 88
6 806
6 815
6 824
6 833
6 842
6 847
6 854
7 100
7 467
8 159
8 168
8 606
9 89
9 814
9 823
9 832
9 841
9 848
9 855
9 862
10 90
10 822
10 831
10 840
10 849
10 856
10 863
10 870
11 160
11 466
12 91
12 830
12 839
12 850
12 857
12 864
12 871
12 878
13 99
13 161
13 470
14 92
14 838
14 851
14 858
14 865
14 872
14 879
14 886
15 99
15 162
15 474
16 93
16 468
16 852
16 859
16 866
16 873
16 880
16 887
16 894
17 163
17 226
17 227
17 472
18 78
19 111
19 147
20 112
20 113
20 114
20 239
20 240
20 270
21 109
21 110
22 106
22 116
22 147
23 112
23 113
23 114
23 240
23 271
23 272
24 81
25 116
25 147
25 271
26 112
26 113
26 239
26 240
27 122
27 123
27 124
27 125
27 126
27 127
27 128
27 129
27 178
27 181
27 183
27 186
27 189
27 192
27 194
27 197
28 79
29 134
29 237
29 269
30 107
30 135
30 238
31 145
31 146
32 108
32 110
33 109
34 110
34 111
35 104
35 105
36 85
36 117
37 248
37 255
38 85
38 117
39 250
39 257
40 85
40 117
40 184
41 254
41 261
42 119
42 120
43 256
43 263
44 119
44 120
45 119
45 120
45 195
46 115
46 176
47 164
47 165
48 166
48 167
49 130
49 131
50 130
50 131
51 265
52 266
53 267
54 132
54 133
55 80
56 136
56 137
56 138
56 139
56 140
56 141
56 142
56 143
56 281
56 283
56 285
56 287
56 289
56 291
56 293
56 295
57 83
58 83
59 82
60 84
61 148
61 909
62 150
62 151
63 150
63 151
64 94
64 172
65 95
65 171
66 96
66 174
67 97
67 173
68 152
68 218
69 153
69 217
70 154
70 220
71 155
71 219
72 157
72 386
73 102
73 338
74 118
74 341
75 103
75 339
76 121
76 342
77 149
77 1379
78 343
79 177
79 178
79 180
79 181
79 182
79 183
79 185
79 186
79 188
79 189
79 191
79 192
79 193
79 194
79 196
79 197
80 270
81 144
82 370
82 371
82 372
82 373
83 209
83 210
83 211
83 212
83 213
83 214
83 215
83 216
83 296
83 299
83 302
83 305
83 308
83 311
83 314
83 317
84 374
84 375
84 376
84 377
85 168
86 169
87 169
88 169
89 169
90 170
91 170
92 170
93 170
94 171
95 172
96 173
97 174
98 175
99 222
99 234
100 400
101 228
101 231
102 229
103 232
104 235
104 469
105 236
105 340
106 239
106 270
107 268
107 271
107 272
108 240
108 268
108 269
109 298
109 301
109 304
109 307
109 481
109 484
109 487
109 490
110 313
110 316
110 319
110 496
110 499
110 502
111 310
111 493
112 237
112 238
113 245
113 415
114 247
114 417
115 246
115 515
116 176
117 179
118 241
119 226
119 227
120 190
121 243
122 179
123 517
124 184
125 187
126 190
127 518
128 195
129 198
130 420
130 421
130 424
130 425
131 418
131 419
131 422
131 423
132 264
132 265
133 266
133 267
134 273
134 274
134 275
134 276
134 277
134 278
134 279
134 1017
134 1019
134 1021
134 1023
134 1025
134 1027
134 1029
135 280
135 281
135 282
135 283
135 284
135 285
135 286
135 287
135 288
135 289
135 290
135 291
135 292
135 293
135 294
135 295
136 199
137 200
138 201
139 202
140 203
141 204
142 205
143 206
144 296
144 297
144 299
144 300
144 302
144 303
144 305
144 306
144 308
144 309
144 311
144 312
144 314
144 315
144 317
144 318
145 207
146 208
147 320
147 321
147 322
147 323
147 324
147 325
148 776
149 1357
150 1599
150 1605
151 326
151 1607
152 217
153 218
154 219
155 220
156 329
156 330
157 330
158 331
158 388
159 332
159 387
160 333
160 390
161 334
161 389
162 335
162 392
163 336
163 391
164 229
164 230
165 241
165 242
166 232
166 233
167 243
167 244
168 221
169 225
170 225
171 223
172 223
173 224
174 224
175 340
175 477
175 598
176 378
176 379
176 380
176 381
176 382
176 383
176 384
176 385
176 573
176 575
176 577
176 579
176 581
176 583
176 585
176 587
177 248
178 249
179 344
180 250
181 251
182 252
183 253
184 345
185 254
186 255
187 346
188 256
189 257
190 347
191 258
192 259
193 260
194 261
195 348
196 262
197 263
198 349
199 439
200 440
201 441
202 442
203 443
204 444
205 445
206 446
207 366
207 367
208 368
208 369
209 447
210 745
211 448
212 449
213 450
214 757
215 451
216 452
217 327
218 327
219 328
220 328
222 337
223 456
223 458
224 457
224 459
225 478
226 400
226 599
227 473
228 467
229 398
230 338
231 513
232 399
233 339
234 471
235 912
236 914
237 395
237 396
237 401
237 402
237 404
237 406
237 407
237 409
238 396
238 397
238 402
238 403
238 405
238 406
238 408
238 409
239 414
239 415
239 416
239 417
240 410
240 411
241 412
242 341
243 413
244 342
245 343
246 1371
247 600
248 344
249 344
250 601
251 601
252 345
253 345
254 346
255 346
256 347
257 347
258 602
259 602
260 348
261 348
262 349
263 349
264 423
264 425
265 422
265 424
266 419
266 421
267 418
267 420
268 426
268 428
269 427
269 428
270 429
270 430
271 435
271 436
271 437
271 438
271 544
271 546
271 548
271 550
272 431
272 432
272 433
272 434
272 536
272 538
272 540
272 542
273 1016
274 1018
275 1020
276 1022
277 1024
278 1026
279 1028
280 350
281 351
282 352
283 353
284 354
285 355
286 356
287 357
288 358
289 359
290 360
291 361
292 362
293 363
294 364
295 365
296 370
297 551
297 552
298 480
299 371
300 968
300 969
301 483
302 372
303 555
303 556
304 486
305 373
306 558
306 559
307 489
308 374
309 561
309 562
310 492
311 375
312 982
312 983
313 495
314 376
315 565
315 566
316 498
317 377
318 568
318 569
319 501
320 766
320 1077
321 1155
322 767
322 768
322 769
323 453
323 1128
323 1129
323 1157
324 770
324 771
324 1083
325 1130
325 1131
325 1232
326 454
326 455
327 393
327 465
328 394
328 464
329 386
330 460
331 387
332 388
333 389
334 390
335 391
336 392
338 398
339 399
340 1013
341 412
342 413
343 588
343 589
344 447
345 448
346 449
347 450
348 451
349 452
350 439
351 439
352 440
353 440
354 441
355 441
356 442
357 442
358 443
359 443
360 444
361 444
362 445
363 445
364 446
365 446
366 494
366 497
366 500
366 503
367 492
367 493
367 495
367 496
367 498
367 499
367 501
367 502
368 482
368 485
368 488
368 491
369 480
369 481
369 483
369 484
369 486
369 487
369 489
369 490
370 551
370 552
371 968
371 969
372 555
372 556
373 558
373 559
374 561
374 562
375 982
375 983
376 565
376 566
377 568
377 569
378 1562
379 1499
380 1526
381 1484
382 1527
383 1500
384 1486
385 1429
386 460
387 461
388 461
389 462
390 462
391 463
392 463
393 464
394 465
395 613
396 466
397 780
398 467
399 468
400 469
401 913
402 470
403 1012
404 1043
405 471
406 472
407 1044
408 473
409 474
410 572
410 573
410 574
410 575
410 576
410 577
410 578
410 579
410 580
410 581
410 582
410 583
410 584
410 585
410 586
410 587
411 514
411 515
412 475
413 476
414 477
415 478
416 516
417 1530
418 519
418 527
419 520
419 528
420 521
420 529
421 522
421 530
422 523
422 531
423 524
423 532
424 525
424 533
425 526
425 534
426 1014
427 1015
428 479
429 535
429 536
429 537
429 538
429 539
429 540
429 541
429 542
430 543
430 544
430 545
430 546
430 547
430 548
430 549
430 550
431 1272
432 1307
433 1274
434 1275
435 1276
436 1308
437 1278
438 1279
439 482
440 485
441 488
442 491
443 494
444 497
445 500
446 503
447 551
447 552
448 555
448 556
449 558
449 559
450 561
450 562
451 565
451 566
452 568
452 569
453 571
453 1211
454 1663
454 1669
455 1664
455 1668
456 504
456 591
457 505
457 590
458 506
458 593
459 507
459 592
460 509
460 595
461 510
461 594
462 511
462 597
463 512
463 596
464 508
465 508
466 780
467 513
468 516
469 1011
470 1012
471 1096
472 1096
473 1097
474 1097
475 517
476 518
477 588
477 589
478 588
478 589
479 1045
480 553
481 553
482 553
483 554
484 554
485 554
486 557
487 557
488 557
489 560
490 560
491 560
492 563
493 563
494 563
495 564
496 564
497 564
498 567
499 567
500 567
501 570
502 570
503 570
504 590
505 591
506 592
507 593
508 610
508 613
509 594
510 595
511 596
512 597
513 600
514 598
515 599
516 1549
516 1550
517 601
518 602
519 614
519 622
519 630
519 638
519 646
519 654
519 662
519 670
520 615
520 623
520 631
520 639
520 647
520 655
520 663
520 671
521 616
521 624
521 632
521 640
521 648
521 656
521 664
521 672
522 617
522 625
522 633
522 641
522 649
522 657
522 665
522 673
523 618
523 626
523 634
523 642
523 650
523 658
523 666
523 674
524 619
524 627
524 635
524 643
524 651
524 659
524 667
524 675
525 620
525 628
525 636
525 644
525 652
525 660
525 668
525 676
526 621
526 629
526 637
526 645
526 653
526 661
526 669
526 677
527 678
527 686
527 694
527 702
527 710
527 718
527 726
527 734
528 679
528 687
528 695
528 703
528 711
528 719
528 727
528 735
529 680
529 688
529 696
529 704
529 712
529 720
529 728
529 736
530 681
530 689
530 697
530 705
530 713
530 721
530 729
530 737
531 682
531 690
531 698
531 706
531 714
531 722
531 730
531 738
532 683
532 691
532 699
532 707
532 715
532 723
532 731
532 739
533 684
533 692
533 700
533 708
533 716
533 724
533 732
533 740
534 685
534 693
534 701
534 709
534 717
534 725
534 733
534 741
535 1098
536 603
537 1099
538 604
539 1100
540 605
541 1101
542 606
543 1102
544 963
545 1103
546 1053
547 1104
548 1122
549 1105
550 1123
551 766
551 964
551 965
552 744
552 966
552 967
553 742
553 743
554 746
554 747
555 767
555 970
555 971
556 750
556 972
556 973
557 748
557 749
558 768
558 974
558 975
559 753
559 976
559 977
560 751
560 752
561 769
561 978
561 979
562 756
562 980
562 981
563 754
563 755
563 772
563 777
564 758
564 759
564 773
564 777
565 770
565 984
565 985
566 762
566 986
566 987
567 760
567 761
567 774
567 776
568 771
568 988
568 989
569 765
569 990
569 991
570 763
570 764
570 775
570 776
571 1036
572 1575
573 1323
574 1569
575 1361
576 1570
577 1324
578 1485
579 1325
580 1547
581 1326
582 1554
583 1362
584 1548
585 1327
586 1430
587 1328
588 778
589 607
590 608
591 608
592 609
593 609
594 611
595 611
596 612
597 612
598 1405
598 1406
599 1405
599 1406
600 1549
600 1550
601 745
602 757
603 1292
604 1336
605 1294
606 1295
607 778
608 779
609 993
609 995
610 994
610 996
611 914
611 997
611 998
612 911
612 913
613 780
614 781
615 782
616 783
617 784
618 785
619 786
620 787
621 788
622 789
623 790
624 791
625 792
626 793
627 794
628 795
629 796
630 797
631 798
632 799
633 800
634 801
635 802
636 803
637 804
638 805
639 806
640 807
641 808
642 809
643 810
644 811
645 812
646 813
647 814
648 815
649 816
650 817
651 818
652 819
653 820
654 821
655 822
656 823
657 824
658 825
659 826
660 827
661 828
662 829
663 830
664 831
665 832
666 833
667 834
668 835
669 836
670 837
671 838
672 839
673 840
674 841
675 842
676 843
677 844
678 845
679 846
680 847
681 848
682 849
683 850
684 851
685 852
686 853
687 854
688 855
689 856
690 857
691 858
692 859
693 860
694 861
695 862
696 863
697 864
698 865
699 866
700 867
701 868
702 869
703 870
704 871
705 872
706 873
707 874
708 875
709 876
710 877
711 878
712 879
713 880
714 881
715 882
716 883
717 884
718 885
719 886
720 887
721 888
722 889
723 890
724 891
725 892
726 893
727 894
728 895
729 896
730 897
731 898
732 899
733 900
734 901
735 902
736 903
737 904
738 905
739 906
740 907
741 908
742 964
742 967
743 965
743 966
744 1030
745 968
745 969
746 1056
746 1059
747 1057
747 1058
748 970
748 973
749 971
749 972
750 1031
751 974
751 977
752 975
752 976
753 1032
754 978
754 981
755 979
755 980
756 1033
757 982
757 983
758 1067
758 1070
759 1068
759 1069
760 984
760 987
761 985
761 986
762 1034
763 988
763 991
764 989
764 990
765 1035
766 999
766 1000
767 1001
767 1002
768 1003
768 1004
769 1005
769 1006
770 1007
770 1008
771 1009
771 1010
772 910
773 910
774 909
775 909
776 992
777 776
779 912
780 963
781 917
782 917
783 916
784 916
785 916
786 916
787 915
788 915
789 920
790 920
791 919
792 919
793 919
794 919
795 918
796 918
797 923
798 923
799 922
800 922
801 922
802 922
803 921
804 921
805 926
806 926
807 925
808 925
809 925
810 925
811 924
812 924
813 929
814 929
815 928
816 928
817 928
818 928
819 927
820 927
821 932
822 932
823 931
824 931
825 931
826 931
827 930
828 930
829 935
830 935
831 934
832 934
833 934
834 934
835 933
836 933
837 938
838 938
839 937
840 937
841 937
842 937
843 936
844 936
845 941
846 941
847 940
848 940
849 940
850 940
851 939
852 939
853 944
854 944
855 943
856 943
857 943
858 943
859 942
860 942
861 947
862 947
863 946
864 946
865 946
866 946
867 945
868 945
869 950
870 950
871 949
872 949
873 949
874 949
875 948
876 948
877 953
878 953
879 952
880 952
881 952
882 952
883 951
884 951
885 956
886 956
887 955
888 955
889 955
890 955
891 954
892 954
893 959
894 959
895 958
896 958
897 958
898 958
899 957
900 957
901 962
902 962
903 961
904 961
905 961
906 961
907 960
908 960
909 992
910 909
911 1088
911 1089
912 1011
913 1012
914 1013
915 1014
916 915
917 915
918 1016
919 918
920 918
921 1018
922 921
923 921
924 1020
925 924
926 924
927 1022
928 927
929 927
930 1024
931 930
932 930
933 1026
934 933
935 933
936 1028
937 936
938 936
939 1015
940 939
941 939
942 1017
943 942
944 942
945 1019
946 945
947 945
948 1021
949 948
950 948
951 1023
952 951
953 951
954 1025
955 954
956 954
957 1027
958 957
959 957
960 1029
961 960
962 960
963 1296
964 1054
964 1055
965 1054
965 1055
966 1030
967 1030
968 1056
968 1057
968 1077
969 1058
969 1059
969 1060
970 1061
970 1062
971 1061
971 1062
972 1031
973 1031
974 1063
974 1064
975 1063
975 1064
976 1032
977 1032
978 1065
978 1066
979 1065
979 1066
980 1033
981 1033
982 1067
982 1068
982 1083
983 1069
983 1070
983 1071
984 1072
984 1073
985 1072
985 1073
986 1034
987 1034
988 1074
988 1075
989 1074
989 1075
990 1035
991 1035
992 1036
993 1041
993 1093
994 1042
994 1092
995 1037
995 1095
996 1038
996 1094
997 1040
997 1138
998 1039
998 1137
999 1090
999 1234
1000 1076
1000 1222
1001 1078
1001 1228
1002 1079
1002 1223
1003 1080
1003 1229
1004 1081
1004 1224
1005 1091
1005 1235
1006 1082
1006 1225
1007 1087
1007 1231
1008 1084
1008 1226
1009 1085
1009 1230
1010 1086
1010 1227
1011 1044
1012 1053
1013 1043
1014 1045
1015 1045
1016 1046
1017 1046
1018 1047
1019 1047
1020 1048
1021 1048
1022 1049
1023 1049
1024 1050
1025 1050
1026 1051
1027 1051
1028 1052
1029 1052
1030 1106
1031 1108
1032 1109
1033 1110
1034 1112
1035 1113
1036 1233
1037 1094
1038 1095
1039 1118
1040 1120
1041 1092
1042 1093
1043 1096
1044 1097
1045 1098
1046 1099
1047 1100
1048 1101
1049 1102
1050 1103
1051 1104
1052 1105
1053 1337
1054 1114
1055 1106
1056 1124
1056 1125
1057 1124
1057 1125
1058 1107
1059 1107
1060 1107
1061 1128
1061 1164
1062 1108
1063 1129
1063 1165
1064 1109
1065 1115
1066 1110
1067 1126
1067 1127
1068 1126
1068 1127
1069 1111
1070 1111
1071 1111
1072 1130
1072 1167
1073 1112
1074 1131
1074 1168
1075 1113
1076 1190
1077 1132
1077 1133
1078 1199
1079 1191
1080 1202
1081 1192
1082 1193
1083 1134
1083 1135
1084 1194
1085 1207
1086 1195
1087 1210
1088 1120
1088 1121
1089 1118
1089 1119
1090 1213
1091 1217
1092 1116
1093 1116
1094 1117
1095 1117
1096 1123
1097 1122
1098 1292
1099 1336
1100 1294
1101 1295
1102 1296
1103 1337
1104 1298
1105 1299
1106 1141
1106 1149
1106 1163
1106 1164
1106 1165
1107 1139
1108 1142
1108 1163
1108 1165
1109 1143
1109 1163
1110 1144
1110 1150
1110 1166
1110 1167
1110 1168
1111 1140
1112 1145
1112 1166
1112 1168
1113 1146
1113 1166
1114 1186
1115 1187
1116 1136
1117 1136
1118 1147
1119 1137
1120 1148
1121 1138
1122 1298
1123 1299
1124 1149
1124 1155
1125 1139
1126 1150
1126 1157
1127 1140
1128 1159
1128 1350
1129 1156
1129 1344
1130 1302
1130 1318
1131 1158
1131 1160
1132 1151
1132 1266
1133 1152
1133 1259
1134 1154
1134 1267
1135 1153
1135 1263
1137 1147
1138 1148
1139 1163
1139 1164
1139 1165
1139 1169
1140 1166
1140 1167
1140 1168
1140 1170
1141 1173
1141 1174
1142 1175
1142 1176
1143 1177
1143 1178
1144 1179
1144 1180
1145 1181
1145 1182
1146 1183
1146 1184
1147 1161
1148 1162
1149 1186
1150 1187
1151 1246
1152 1238
1153 1242
1154 1253
1155 1171
1156 1316
1156 1351
1157 1172
1158 1287
1158 1319
1159 1343
1160 1188
1160 1340
1161 1185
1162 1185
1163 1189
1163 1196
1163 1220
1164 1186
1165 1186
1166 1189
1166 1211
1167 1187
1168 1187
1169 1214
1169 1215
1170 1218
1170 1219
1171 1372
1172 1345
1173 1212
1173 1213
1174 1190
1174 1197
1175 1198
1175 1199
1176 1191
1176 1200
1177 1201
1177 1202
1178 1192
1178 1203
1179 1216
1179 1217
1180 1193
1180 1204
1181 1209
1181 1210
1182 1194
1182 1205
1183 1206
1183 1207
1184 1195
1184 1208
1186 1221
1186 1310
1187 1220
1187 1232
1188 1320
1190 1237
1191 1239
1192 1240
1193 1241
1194 1243
1195 1244
1196 1300
1196 1301
1197 1222
1198 1228
1199 1248
1200 1223
1201 1229
1202 1249
1203 1224
1204 1225
1205 1226
1206 1230
1207 1251
1208 1227
1209 1231
1210 1254
1211 1233
1212 1234
1213 1255
1214 1245
1214 1246
1215 1238
1215 1247
1216 1235
1217 1256
1218 1252
1218 1253
1219 1242
1219 1250
1220 1236
1221 1236
1222 1237
1223 1239
1224 1240
1225 1241
1226 1243
1227 1244
1228 1248
1229 1249
1230 1251
1231 1254
1232 1268
1232 1270
1233 1269
1233 1271
1233 1322
1234 1255
1235 1256
1236 1257
1237 1258
1238 1273
1239 1260
1240 1261
1241 1262
1242 1277
1243 1264
1244 1265
1245 1266
1246 1280
1247 1259
1248 1281
1248 1282
1249 1283
1249 1284
1250 1263
1251 1286
1251 1290
1252 1267
1253 1285
1254 1287
1254 1291
1254 1313
1254 1314
1254 1319
1255 1288
1255 1452
1256 1289
1256 1392
1258 1272
1259 1273
1260 1274
1261 1275
1262 1276
1263 1277
1264 1278
1265 1279
1266 1280
1267 1285
1268 1300
1268 1304
1268 1305
1268 1315
1268 1317
1268 1352
1269 1301
1269 1311
1269 1312
1269 1349
1270 1306
1270 1382
1271 1303
1271 1440
1272 1292
1273 1293
1274 1294
1275 1295
1276 1296
1277 1297
1278 1298
1279 1299
1280 1309
1280 1329
1281 1351
1281 1352
1282 1311
1282 1316
1282 1317
1282 1330
1282 1349
1283 1312
1283 1315
1283 1331
1284 1311
1284 1317
1284 1349
1284 1352
1285 1313
1285 1318
1285 1319
1285 1332
1286 1313
1286 1314
1286 1335
1287 1302
1288 1437
1289 1378
1290 1333
1290 1334
1291 1320
1291 1321
1292 1323
1293 1307
1294 1324
1295 1325
1296 1326
1297 1308
1298 1327
1299 1328
1300 1310
1301 1342
1301 1414
1302 1341
1302 1346
1302 1370
1303 1423
1304 1322
1305 1348
1305 1360
1306 1366
1307 1336
1308 1337
1309 1349
1309 1350
1309 1351
1309 1352
1310 1359
1310 1363
1310 1396
1311 1347
1312 1338
1313 1339
1314 1368
1314 1389
1315 1344
1316 1343
1317 1343
1318 1345
1319 1345
1320 1354
1321 1340
1322 1348
1322 1360
1323 1588
1323 1589
1324 1583
1324 1584
1325 1511
1325 1512
1326 1563
1326 1564
1327 1565
1327 1566
1328 1462
1328 1463
1329 1364
1329 1400
1330 1353
1330 1391
1331 1365
1331 1366
1332 1367
1332 1401
1333 1355
1333 1443
1334 1356
1334 1444
1335 1357
1335 1358
1336 1361
1337 1362
1338 1385
1338 1386
1339 1387
1339 1388
1340 1354
1341 1369
1341 1370
1342 1373
1342 1435
1343 1380
1343 1381
1344 1375
1344 1376
1345 1377
1345 1378
1346 1383
1346 1384
1347 1374
1347 1455
1348 1371
1349 1390
1349 1399
1350 1372
1351 1372
1352 1372
1353 1376
1354 1403
1354 1404
1355 1425
1356 1427
1357 1394
1358 1379
1359 1395
1359 1396
1360 1397
1360 1488
1361 1581
1361 1582
1362 1571
1362 1572
1363 1398
1363 1464
1364 1381
1365 1382
1366 1402
1367 1384
1368 1393
1368 1457
1369 1389
1370 1407
1371 1405
1371 1406
1372 1415
1372 1416
1373 1420
1374 1439
1375 1391
1376 1408
1377 1392
1378 1411
1379 1394
1380 1400
1381 1417
1382 1402
1383 1401
1384 1418
1385 1409
1385 1480
1386 1410
1386 1481
1387 1412
1387 1482
1388 1413
1388 1483
1389 1407
1390 1431
1390 1432
1391 1408
1392 1411
1393 1442
1394 1429
1394 1430
1395 1414
1396 1428
1397 1433
1397 1520
1397 1521
1398 1446
1399 1420
1399 1421
1400 1417
1401 1418
1402 1422
1402 1423
1403 1424
1403 1425
1404 1426
1404 1427
1405 1434
1406 1419
1408 1447
1408 1448
1409 1468
1410 1470
1411 1449
1411 1450
1412 1472
1413 1474
1414 1428
1415 1445
1415 1446
1416 1436
1416 1437
1417 1438
1417 1439
1418 1441
1418 1442
1419 1434
1420 1451
1421 1435
1422 1440
1423 1456
1424 1443
1425 1458
1426 1444
1427 1459
1428 1460
1428 1528
1429 1462
1429 1463
1430 1462
1430 1463
1431 1453
1431 1531
1432 1454
1432 1532
1433 1461
1433 1510
1435 1451
1436 1452
1437 1465
1438 1455
1439 1466
1440 1456
1441 1457
1442 1475
1443 1458
1444 1459
1445 1464
1446 1476
1447 1467
1447 1468
1448 1469
1448 1470
1449 1471
1449 1472
1450 1473
1450 1474
1451 1477
1452 1465
1453 1517
1454 1519
1455 1466
1456 1484
1456 1485
1457 1475
1458 1486
1458 1488
1458 1521
1459 1478
1460 1487
1460 1558
1460 1559
1461 1497
1462 1489
1462 1490
1463 1479
1463 1585
1464 1476
1465 1501
1465 1502
1466 1499
1466 1503
1466 1559
1467 1480
1468 1493
1469 1481
1470 1494
1471 1482
1472 1495
1473 1483
1474 1496
1475 1500
1475 1504
1475 1521
1476 1491
1476 1506
1477 1492
1477 1505
1478 1497
1478 1498
1479 1490
1480 1493
1481 1494
1482 1495
1483 1496
1484 1511
1484 1512
1485 1511
1485 1512
1486 1565
1486 1566
1487 1508
1487 1545
1488 1509
1488 1536
1489 1513
1489 1595
1491 1505
1492 1506
1493 1526
1493 1528
1493 1559
1494 1514
1495 1521
1495 1527
1496 1507
1497 1525
1498 1510
1499 1581
1499 1582
1500 1571
1500 1572
1501 1516
1501 1517
1502 1518
1502 1519
1503 1522
1503 1552
1504 1523
1504 1524
1505 1515
1506 1515
1507 1520
1508 1534
1509 1524
1510 1525
1511 1538
1511 1539
1511 1540
1512 1529
1512 1606
1513 1590
1514 1534
1514 1535
1515 1530
1516 1531
1517 1541
1518 1532
1519 1542
1520 1533
1521 1533
1522 1543
1523 1536
1524 1546
1525 1537
1526 1583
1526 1584
1527 1563
1527 1564
1528 1543
1528 1544
1529 1540
1530 1549
1530 1550
1531 1541
1532 1542
1533 1547
1534 1553
1535 1545
1536 1546
1537 1548
1538 1555
1538 1637
1539 1556
1539 1638
1541 1559
1541 1562
1542 1551
1543 1560
1544 1552
1545 1553
1546 1554
1547 1563
1547 1564
1548 1565
1548 1566
1549 1567
1550 1557
1551 1558
1552 1560
1553 1561
1554 1571
1554 1572
1555 1625
1556 1627
1557 1567
1558 1568
1559 1568
1560 1569
1561 1570
1562 1588
1562 1589
1563 1577
1563 1578
1564 1573
1564 1585
1565 1576
1565 1580
1566 1574
1566 1585
1568 1575
1569 1581
1569 1582
1570 1583
1570 1584
1571 1586
1571 1587
1572 1579
1572 1585
1573 1578
1574 1580
1575 1588
1575 1589
1576 1590
1576 1591
1577 1592
1577 1604
1579 1587
1581 1593
1581 1599
1581 1600
1582 1606
1582 1607
1583 1598
1583 1602
1584 1594
1584 1606
1585 1615
1585 1616
1586 1596
1586 1597
1588 1601
1588 1605
1588 1608
1589 1606
1589 1607
1590 1603
1591 1595
1592 1597
1594 1602
1595 1603
1596 1604
1597 1609
1598 1610
1598 1611
1599 1613
1599 1614
1600 1612
1600 1633
1603 1617
1603 1618
1604 1609
1605 1621
1605 1622
1606 1615
1606 1616
1607 1624
1608 1619
1608 1620
1609 1631
1609 1632
1610 1625
1610 1626
1611 1627
1611 1628
1612 1620
1613 1629
1613 1651
1614 1630
1614 1652
1615 1623
1616 1624
1617 1635
1617 1653
1618 1636
1618 1654
1619 1633
1620 1643
1621 1639
1621 1640
1622 1641
1622 1642
1624 1634
1625 1649
1626 1637
1627 1650
1628 1638
1629 1640
1630 1641
1631 1645
1631 1646
1632 1647
1632 1648
1633 1643
1634 1644
1635 1645
1636 1647
1637 1649
1638 1650
1639 1651
1640 1657
1641 1658
1642 1652
1643 1656
1643 1672
1645 1659
1646 1653
1647 1660
1648 1654
1649 1662
1649 1663
1649 1668
1650 1655
1651 1657
1652 1658
1653 1659
1654 1660
1655 1664
1655 1669
1656 1667
1657 1663
1657 1664
1658 1661
1659 1670
1659 1671
1660 1665
1661 1668
1661 1669
1662 1666
1662 1667
1663 1673
1664 1673
1665 1674
1665 1675
1666 1672
1667 1676
1668 1673
1669 1673
1670 1678
1670 1695
1671 1677
1671 1696
1672 1676
1673 1681
1673 1682
1674 1680
1674 1691
1675 1679
1675 1692
1676 1683
1676 1684
1677 1690
1678 1689
1679 1686
1680 1685
1681 1685
1681 1688
1682 1686
1682 1687
1683 1689
1683 1694
1684 1690
1684 1693
1685 1697
1686 1698
1687 1692
1688 1691
1689 1699
1690 1700
1691 1697
1692 1698
1693 1696
1694 1695
1695 1699
1696 1700
1697 1701
1698 1701
1699 1702
1700 1702
