3 12
4 465
7 389
11 91
12 370
21 92
22 369
22 370
23 93
24 94
24 103
25 110
25 119
26 158
26 159
27 111
27 113
27 114
27 115
27 116
27 117
27 214
27 217
27 220
27 223
27 226
28 112
28 113
28 114
28 115
28 116
28 117
28 215
28 218
28 221
28 224
28 227
29 424
29 558
29 999
30 118
30 373
30 374
30 466
30 468
31 191
32 107
32 109
33 108
33 109
34 120
34 122
34 123
34 124
34 125
34 126
34 229
34 232
34 235
34 238
34 241
35 121
35 122
35 123
35 124
35 125
35 126
35 230
35 233
35 236
35 239
35 242
36 169
36 822
36 832
37 170
37 834
37 839
38 127
38 129
38 130
38 131
38 132
38 133
38 244
38 247
38 250
38 253
38 256
39 128
39 129
39 130
39 131
39 132
39 133
39 245
39 248
39 251
39 254
39 257
40 95
41 96
42 97
43 98
44 99
45 100
46 138
47 143
47 145
47 146
47 147
47 148
47 149
47 276
47 279
47 282
47 285
47 288
48 144
48 145
48 146
48 147
48 148
48 149
48 277
48 280
48 283
48 286
48 289
49 150
49 393
49 394
49 395
49 396
50 151
50 397
50 398
50 399
50 400
50 401
51 153
52 104
52 105
52 106
53 171
53 835
53 840
54 172
54 836
54 841
55 173
55 846
55 855
56 174
56 847
56 856
57 175
57 848
57 857
58 176
58 849
58 858
59 177
59 850
59 859
60 178
60 851
60 860
61 181
61 852
61 861
61 900
61 901
62 160
62 403
62 404
62 405
62 406
63 161
63 407
63 408
63 409
63 410
64 182
64 853
64 862
64 902
64 905
65 183
65 903
65 906
66 184
66 904
66 907
67 185
67 908
67 910
68 186
68 909
68 911
69 386
69 475
70 387
70 477
71 101
72 102
73 162
73 203
74 163
74 202
75 137
75 138
76 139
76 194
77 140
77 193
78 141
78 196
79 142
79 195
80 164
80 205
81 165
81 204
82 166
82 207
83 167
83 206
84 152
84 153
85 154
85 199
86 155
86 198
87 156
87 201
88 157
88 200
89 179
89 209
90 180
90 208
93 1073
93 1149
95 134
96 134
97 135
98 135
99 136
100 136
101 168
102 168
104 187
107 188
108 189
109 190
109 210
110 792
110 793
110 813
110 814
111 213
111 215
111 216
111 218
111 219
111 221
111 222
111 224
111 225
111 227
112 213
112 214
112 216
112 217
112 219
112 220
112 222
112 223
112 225
112 226
113 322
114 323
115 324
116 325
117 326
118 191
119 796
119 797
119 823
119 824
120 228
120 230
120 231
120 233
120 234
120 236
120 237
120 239
120 240
120 242
121 228
121 229
121 231
121 232
121 234
121 235
121 237
121 238
121 240
121 241
122 327
123 328
124 329
125 330
126 331
127 243
127 245
127 246
127 248
127 249
127 251
127 252
127 254
127 255
127 257
128 243
128 244
128 246
128 247
128 249
128 250
128 252
128 253
128 255
128 256
129 332
130 333
131 334
132 335
133 336
134 258
134 349
134 392
135 259
135 349
135 391
136 263
136 264
137 192
138 260
139 193
140 194
141 195
142 196
143 275
143 277
143 278
143 280
143 281
143 283
143 284
143 286
143 287
143 289
144 275
144 276
144 278
144 279
144 281
144 282
144 284
144 285
144 287
144 288
145 341
146 337
147 338
148 339
149 340
150 290
150 291
150 292
150 293
151 294
151 295
151 296
151 297
151 298
152 197
153 299
154 198
155 199
156 200
157 201
158 873
158 874
158 995
158 996
159 879
159 880
159 997
159 998
160 302
160 303
160 304
160 305
161 306
161 307
161 308
161 309
162 202
163 203
164 204
165 205
166 206
167 207
168 317
168 412
169 265
169 582
170 266
170 583
171 267
171 584
172 268
172 585
173 269
173 586
174 270
174 587
175 271
175 588
176 272
176 589
177 273
177 590
178 274
178 591
179 208
180 209
181 310
181 595
182 311
182 596
183 312
183 597
184 313
184 598
185 314
185 599
186 315
186 600
188 211
189 212
191 803
192 260
193 261
194 261
195 262
196 262
197 299
198 300
199 300
200 301
201 301
202 316
203 316
204 319
205 319
206 318
207 318
208 320
209 320
211 321
212 321
213 322
214 322
215 322
216 323
217 323
218 323
219 324
220 324
221 324
222 325
223 325
224 325
225 326
226 326
227 326
228 327
229 327
230 327
231 328
232 328
233 328
234 329
235 329
236 329
237 330
238 330
239 330
240 331
241 331
242 331
243 332
244 332
245 332
246 333
247 333
248 333
249 334
250 334
251 334
252 335
253 335
254 335
255 336
256 336
257 336
258 350
258 391
259 350
259 392
260 343
260 438
260 480
261 344
261 438
261 479
262 347
262 348
263 345
263 349
264 346
264 350
265 515
266 517
267 519
268 521
269 523
270 525
271 527
272 529
273 531
274 533
275 341
276 341
277 341
278 337
279 337
280 337
281 338
282 338
283 338
284 339
285 339
286 339
287 340
288 340
289 340
290 447
291 448
292 449
293 450
294 451
295 452
296 453
297 454
298 455
299 351
299 443
299 488
300 352
300 443
300 487
301 353
301 354
302 456
303 457
304 458
305 459
306 460
307 461
308 462
309 440
310 542
311 544
312 546
313 548
314 550
315 552
316 356
316 357
317 357
318 358
318 414
319 359
319 413
320 355
320 735
321 342
321 369
321 370
321 1199
322 360
322 371
322 376
323 362
323 373
323 377
323 393
323 411
324 361
324 372
324 374
324 378
324 394
325 379
325 395
326 368
326 380
326 396
327 367
327 375
327 381
327 397
328 366
328 382
328 398
329 383
329 399
330 384
330 400
331 385
331 401
332 365
332 389
332 407
332 418
333 363
333 390
333 408
333 421
334 364
334 409
334 420
335 386
335 410
335 423
335 476
336 387
336 422
336 478
337 403
337 415
337 653
337 671
338 404
338 417
338 654
338 672
339 388
339 405
339 416
340 406
340 419
341 402
341 535
343 439
343 479
344 439
344 480
345 391
346 392
347 434
347 438
348 435
348 439
349 436
350 437
351 444
351 487
352 444
352 488
353 441
353 443
354 442
354 444
355 706
356 412
357 445
358 413
359 414
360 1043
361 623
362 424
369 425
370 426
371 466
371 498
372 465
372 493
373 628
374 507
375 508
376 490
376 496
377 489
377 495
377 980
377 988
378 491
378 497
378 499
378 500
378 1001
378 1019
379 427
379 468
379 469
380 428
380 467
380 470
381 429
381 492
381 656
381 668
381 750
381 759
382 430
382 471
382 657
382 669
382 751
382 760
383 431
383 472
383 752
383 761
384 432
384 473
384 753
384 762
385 433
385 474
385 652
385 670
386 475
386 476
387 477
387 478
388 655
388 673
389 463
389 464
390 463
390 506
391 436
392 437
393 447
394 448
395 449
396 450
397 451
398 452
399 453
400 454
401 455
402 482
403 456
404 457
405 458
406 459
407 460
408 461
409 462
410 440
411 494
411 650
412 445
413 446
414 446
415 481
415 482
416 483
416 537
417 484
417 536
418 485
418 539
419 486
419 538
420 502
420 555
421 503
421 554
422 504
422 557
423 505
423 556
434 479
435 480
436 501
437 501
438 511
439 512
440 732
441 487
442 488
443 540
444 541
445 513
445 629
446 514
446 727
447 515
447 516
448 517
448 518
449 519
449 520
450 521
450 522
451 523
451 524
452 525
452 526
453 527
453 528
454 529
454 530
455 531
455 532
456 533
456 534
457 542
457 543
458 544
458 545
459 546
459 547
460 548
460 549
461 550
461 551
462 552
462 553
463 559
463 570
463 571
463 577
463 578
464 506
465 558
465 564
465 572
465 614
466 1148
467 507
468 508
469 601
469 609
469 615
469 617
469 1000
469 1018
470 602
470 616
470 618
470 1017
470 1034
471 604
471 611
472 603
472 610
473 606
473 613
474 605
474 612
475 509
476 509
477 510
478 510
479 511
480 512
481 535
482 592
483 536
484 537
485 538
486 539
487 540
488 541
489 560
489 625
490 561
490 624
491 562
491 721
492 563
492 722
493 607
493 608
494 608
495 565
495 627
496 566
496 626
497 567
497 723
498 568
498 930
499 569
499 1097
500 580
500 1105
501 579
501 581
502 554
503 555
504 556
505 557
506 632
506 633
507 573
507 574
508 575
508 576
509 630
509 720
510 631
510 719
511 619
512 619
513 579
514 684
515 634
516 582
517 635
518 583
519 636
520 584
521 637
522 585
523 638
524 586
525 639
526 587
527 640
528 588
529 641
530 589
531 642
532 590
533 643
534 591
535 592
536 593
537 593
538 594
539 594
540 622
541 622
542 644
543 595
544 645
545 596
546 646
547 597
548 647
549 598
550 648
551 599
552 649
553 600
554 621
555 621
556 620
557 620
558 623
559 651
559 682
560 624
561 625
562 660
563 661
564 663
564 896
564 929
565 626
566 627
567 666
568 898
569 1071
570 652
570 653
570 654
570 655
571 656
571 657
571 674
572 628
577 668
577 669
577 678
578 670
578 671
578 672
578 673
579 679
580 1084
581 629
582 634
583 635
584 636
585 637
586 638
587 639
588 640
589 641
590 642
591 643
592 701
592 771
592 805
593 702
593 771
593 804
594 703
594 704
595 644
596 645
597 646
598 647
599 648
600 649
601 659
601 660
602 661
602 662
603 707
603 739
604 708
604 738
605 709
605 741
606 710
606 740
607 650
608 715
609 665
609 666
610 711
610 743
611 712
611 742
612 713
612 745
613 714
613 744
614 716
614 806
615 667
615 1096
616 677
616 1103
617 680
617 1104
618 681
618 1110
619 683
619 684
620 717
620 747
621 718
621 746
622 705
622 706
624 658
625 658
626 664
627 664
628 675
628 676
629 679
630 720
630 749
631 719
631 748
632 724
632 725
633 736
633 737
634 694
635 693
636 692
637 691
638 690
639 689
640 688
641 687
642 686
643 685
644 700
645 699
646 698
647 697
648 696
649 695
650 715
651 764
651 774
651 775
652 786
653 787
654 788
655 789
656 790
657 791
658 754
658 894
658 927
659 721
660 755
661 756
662 722
663 897
663 928
664 757
664 896
664 928
665 723
666 758
667 1070
668 794
669 795
670 798
671 799
672 800
673 801
674 750
674 751
674 752
674 753
677 1081
678 759
678 760
678 761
678 762
679 726
680 1083
681 1093
682 768
682 776
682 777
683 727
684 765
685 729
686 729
687 728
688 728
689 728
690 731
691 731
692 730
693 730
694 730
695 732
696 734
697 734
698 733
699 733
700 733
701 772
701 804
702 772
702 805
703 769
703 771
704 770
704 772
705 735
706 773
707 738
708 739
709 740
710 741
711 742
712 743
713 744
714 745
715 780
715 781
716 781
717 746
718 747
719 748
720 749
721 755
722 756
723 758
724 786
724 787
724 788
724 789
725 798
725 799
725 800
725 801
726 763
727 765
728 766
729 728
730 766
731 730
732 767
733 767
734 733
735 773
736 875
736 876
736 877
736 878
737 881
737 882
737 883
737 884
738 779
739 779
740 778
741 778
742 783
743 783
744 782
745 782
746 784
747 784
748 785
749 785
750 790
751 791
752 792
753 793
754 895
754 926
755 817
755 894
755 926
756 818
756 819
757 897
757 929
758 820
758 821
759 794
760 795
761 796
762 797
763 802
763 831
764 822
764 833
764 834
764 835
764 836
765 808
765 1198
766 803
767 803
768 832
768 838
768 839
768 840
768 841
769 804
770 805
771 842
772 843
773 807
773 1179
774 845
774 846
774 847
774 848
774 849
775 850
775 851
775 852
775 853
776 854
776 855
776 856
776 857
776 858
777 859
777 860
777 861
777 862
778 863
778 886
779 864
779 885
780 806
781 867
782 865
782 888
783 866
783 887
784 844
784 981
786 809
787 810
788 811
789 812
790 813
791 814
792 815
793 816
794 823
795 824
796 825
797 826
798 827
799 828
800 829
801 830
803 837
803 868
804 842
805 843
806 867
809 917
809 936
810 916
810 935
811 915
811 934
812 914
812 933
813 869
814 870
815 919
815 938
816 918
816 937
817 895
817 927
818 890
818 894
819 891
819 895
820 892
820 896
821 893
821 897
822 931
823 871
824 872
825 925
825 945
826 924
826 944
827 923
827 943
828 922
828 942
829 921
829 941
830 920
830 940
831 1198
832 939
833 900
833 902
833 903
833 904
834 946
835 947
836 948
838 901
838 905
838 906
838 907
839 949
840 950
841 951
842 889
843 889
844 932
845 908
845 909
846 953
847 954
848 873
849 874
850 875
851 876
852 877
853 878
854 910
854 911
855 955
856 956
857 879
858 880
859 881
860 882
861 883
862 884
863 885
864 886
865 887
866 888
867 898
867 899
869 964
869 1052
870 963
870 1051
871 972
871 1060
872 971
872 1059
873 938
873 962
874 937
874 961
875 936
875 960
876 935
876 959
877 934
877 958
878 933
878 957
879 945
879 970
880 944
880 969
881 943
881 968
882 942
882 967
883 941
883 966
884 940
884 965
885 912
886 912
887 913
888 913
889 932
889 952
890 926
891 927
892 928
893 929
894 974
895 975
896 976
897 977
898 973
899 930
900 931
901 939
902 946
903 947
904 948
905 949
906 950
907 951
908 953
909 954
910 955
911 956
912 978
912 1094
913 979
913 1095
914 982
914 1045
915 983
915 1046
916 984
916 1047
917 985
917 1048
918 986
918 1049
919 987
919 1050
920 989
920 1053
921 990
921 1054
922 991
922 1055
923 992
923 1056
924 993
924 1057
925 994
925 1058
926 974
927 975
928 976
929 977
930 973
931 980
932 1002
933 1141
934 1120
935 1121
936 1122
937 1170
938 1123
939 988
940 1145
941 1131
942 1132
943 1133
944 1175
945 1134
946 1001
946 1038
947 1000
947 1037
948 1017
948 1039
949 1019
949 1041
950 1018
950 1040
951 1034
951 1042
952 981
953 995
954 996
955 997
956 998
957 1003
957 1004
958 1005
958 1006
959 1007
959 1008
960 1009
960 1010
961 1011
961 1012
962 1013
962 1014
963 1015
963 1116
964 1016
964 1117
965 1020
965 1021
966 1022
966 1023
967 1024
967 1025
968 1026
968 1027
969 1028
969 1029
970 1030
970 1031
971 1032
971 1127
972 1033
972 1128
973 999
974 1035
975 1035
976 1036
977 1036
978 1066
979 1068
980 1147
981 1002
982 1004
983 1006
984 1008
985 1010
986 1012
987 1014
988 1151
989 1021
990 1023
991 1025
992 1027
993 1029
994 1031
995 1052
995 1062
996 1051
996 1061
997 1060
997 1064
998 1059
998 1063
999 1043
1000 1152
1001 1146
1002 1044
1003 1045
1004 1074
1005 1046
1006 1075
1007 1047
1008 1076
1009 1048
1010 1077
1011 1049
1012 1078
1013 1050
1014 1079
1015 1100
1016 1102
1017 1159
1018 1162
1019 1150
1020 1053
1021 1086
1022 1054
1023 1087
1024 1055
1025 1088
1026 1056
1027 1089
1028 1057
1029 1090
1030 1058
1031 1091
1032 1107
1033 1109
1034 1167
1035 1065
1035 1066
1036 1067
1036 1068
1037 1069
1037 1070
1038 1071
1038 1072
1039 1080
1039 1081
1040 1082
1040 1083
1041 1084
1041 1085
1042 1092
1042 1093
1044 1073
1045 1074
1046 1075
1047 1076
1048 1077
1049 1078
1050 1079
1051 1124
1052 1158
1053 1086
1054 1087
1055 1088
1056 1089
1057 1090
1058 1091
1059 1135
1060 1166
1061 1099
1061 1100
1062 1101
1062 1102
1063 1106
1063 1107
1064 1108
1064 1109
1065 1094
1066 1111
1067 1095
1068 1112
1069 1096
1070 1113
1071 1114
1072 1097
1073 1098
1073 1115
1074 1119
1074 1120
1074 1121
1074 1122
1075 1119
1075 1121
1075 1122
1076 1119
1076 1122
1077 1119
1078 1123
1078 1124
1078 1156
1078 1158
1078 1159
1079 1124
1079 1157
1079 1158
1079 1159
1080 1103
1081 1118
1082 1104
1083 1125
1084 1126
1085 1105
1086 1130
1086 1131
1086 1132
1086 1133
1087 1130
1087 1132
1087 1133
1088 1130
1088 1133
1089 1130
1090 1134
1090 1135
1090 1164
1090 1166
1090 1167
1091 1135
1091 1165
1091 1166
1091 1167
1092 1110
1093 1129
1094 1111
1095 1112
1096 1113
1097 1114
1099 1116
1100 1138
1101 1117
1102 1139
1103 1118
1104 1125
1105 1126
1106 1127
1107 1142
1108 1128
1109 1143
1110 1129
1111 1136
1112 1137
1113 1146
1113 1147
1114 1147
1115 1179
1116 1138
1117 1139
1118 1157
1119 1140
1120 1141
1121 1141
1122 1141
1123 1170
1124 1169
1125 1150
1125 1151
1126 1151
1127 1142
1128 1143
1129 1165
1130 1144
1131 1145
1132 1145
1133 1145
1134 1175
1135 1174
1136 1149
1137 1148
1138 1156
1138 1158
1138 1160
1139 1156
1139 1160
1140 1172
1141 1155
1141 1185
1142 1164
1142 1166
1142 1168
1143 1164
1143 1168
1144 1177
1145 1163
1145 1186
1146 1152
1147 1152
1148 1153
1148 1154
1149 1161
1149 1173
1150 1162
1151 1162
1152 1171
1155 1172
1156 1171
1157 1156
1158 1169
1159 1169
1160 1159
1162 1176
1163 1177
1164 1176
1165 1164
1166 1174
1167 1174
1168 1167
1169 1178
1170 1169
1171 1178
1172 1182
1173 1179
1174 1180
1175 1174
1176 1180
1177 1184
1178 1181
1178 1182
1179 1199
1180 1183
1180 1184
1181 1185
1182 1187
1183 1186
1184 1188
1185 1187
1186 1188
1187 1190
1187 1192
1188 1189
1188 1190
1188 1191
1190 1191
1190 1192
1191 1193
1192 1193
1193 1194
1193 1195
1194 1195
1194 1196
1195 1196
1196 1197
1196 1198
1198 1199
1199 1200
1199 1201
