0 74
0 100
0 111
0 124
0 139
0 154
0 162
0 170
0 186
0 206
0 218
0 676
0 677
0 679
0 683
0 684
0 689
0 690
0 696
0 704
0 711
0 721
0 722
0 732
0 738
0 774
0 778
0 779
0 783
0 790
0 791
0 793
0 799
0 805
0 813
0 821
0 828
0 835
0 838
0 839
0 865
0 866
0 868
0 875
0 881
0 882
0 884
0 890
0 891
0 893
0 899
0 906
0 914
0 923
0 931
0 934
0 935
0 979
0 980
0 1048
0 1053
0 1058
0 1064
0 1074
0 1081
0 1085
0 1092
0 1096
0 1135
0 1136
0 1142
0 1143
0 1148
0 1155
0 1165
0 1167
0 1176
0 1181
0 1188
0 1192
0 1213
0 1217
0 1229
0 1234
0 1309
41 42
41 43
41 44
41 45
50 46
51 47
52 51
53 52
54 53
55 51
57 56
58 57
59 58
60 57
61 60
62 57
63 62
64 56
66 63
66 65
67 66
68 67
69 68
70 69
71 70
72 71
73 72
74 73
75 73
76 71
77 70
78 77
79 77
80 67
81 80
82 81
83 81
84 83
85 80
86 85
87 86
88 87
89 86
90 89
91 85
92 67
93 92
94 92
95 94
96 95
97 95
98 97
99 98
100 98
101 94
102 101
103 101
104 67
105 104
106 105
107 106
108 107
109 108
110 109
111 109
112 107
113 106
114 113
115 113
117 63
117 116
118 117
119 118
120 119
121 120
122 120
123 122
124 123
125 124
126 123
127 126
128 125
128 127
129 119
130 129
131 129
132 118
133 132
134 133
135 133
136 132
137 136
138 137
139 138
140 139
141 140
142 138
143 142
144 143
145 136
146 118
147 146
148 147
149 147
150 146
151 150
152 150
153 152
154 153
155 154
156 153
157 156
158 155
158 157
159 118
160 159
161 160
162 161
163 162
164 163
165 161
166 165
167 166
168 159
169 168
170 169
171 170
172 169
173 172
174 173
175 171
175 174
177 63
177 176
178 177
179 178
180 179
181 180
182 180
183 179
184 183
185 184
186 185
187 186
188 185
189 188
190 187
190 189
191 183
192 178
193 192
194 193
195 193
196 192
197 196
198 197
199 198
200 196
201 178
202 201
203 202
204 203
205 204
206 205
207 206
208 205
209 208
210 203
211 202
212 211
213 211
214 178
215 214
216 215
217 216
218 217
219 218
220 217
221 220
222 219
222 221
223 215
224 214
225 224
226 224
227 59
228 59
229 61
230 61
233 232
234 233
235 234
236 235
237 236
238 237
239 238
240 234
241 240
242 241
243 238
243 242
244 241
245 241
246 232
247 246
248 247
249 248
250 249
251 247
252 251
253 252
254 252
255 254
256 254
257 235
257 251
258 257
259 258
260 259
261 260
262 261
263 262
264 263
265 263
266 261
267 266
268 260
269 259
270 268
270 269
271 269
272 271
273 271
274 273
275 274
276 275
277 275
278 273
279 278
280 279
281 276
281 280
282 277
282 280
283 279
284 277
284 283
285 284
286 262
286 276
286 282
286 283
287 286
288 287
289 258
290 289
291 290
292 289
293 289
294 293
295 291
295 292
295 294
297 296
298 297
301 300
302 301
304 303
305 304
306 304
307 299
307 306
308 302
308 307
309 308
310 253
310 256
310 308
311 310
314 313
315 314
317 316
318 317
320 319
321 320
322 320
323 320
324 323
326 233
326 270
326 309
326 325
328 327
329 328
330 329
331 330
332 331
333 332
334 331
334 333
335 329
336 327
337 336
338 337
339 338
340 337
341 340
342 335
342 340
343 342
344 343
345 343
346 345
347 346
348 346
349 348
350 349
351 350
352 351
353 348
354 345
355 347
355 354
356 355
357 328
357 356
358 336
358 357
359 358
360 359
361 359
362 361
363 356
364 363
365 354
366 365
367 366
368 367
369 366
370 366
371 368
371 369
371 370
372 349
372 371
373 372
374 373
375 342
376 375
378 377
379 378
382 381
384 383
385 384
386 385
387 382
387 386
388 387
389 380
389 388
390 389
391 330
391 389
392 391
393 339
393 390
393 391
396 395
397 396
399 398
400 399
401 351
401 400
403 402
404 403
405 403
406 353
406 405
407 394
407 405
408 397
408 400
408 404
408 407
409 408
410 408
411 379
411 410
412 410
413 408
415 390
415 411
415 414
416 415
417 416
418 312
418 315
418 318
418 322
418 323
418 416
419 418
420 39
420 40
422 421
423 422
424 423
425 423
426 425
427 426
428 427
429 426
429 428
430 421
431 430
432 431
433 432
434 424
434 432
435 434
436 435
437 434
438 437
439 438
440 439
441 440
442 52
442 441
443 442
444 440
445 55
445 444
446 445
447 439
448 447
449 448
450 444
450 449
451 441
451 450
452 451
453 431
454 453
456 455
457 456
460 459
462 461
463 462
464 460
464 463
465 464
466 458
466 465
467 466
468 424
468 466
469 468
470 467
470 468
472 436
472 457
472 469
472 471
474 473
475 474
476 475
477 476
478 477
479 477
480 479
481 475
482 481
483 482
484 483
485 483
486 483
487 486
488 482
489 488
490 488
491 473
492 491
493 492
494 493
495 494
496 495
497 495
498 495
499 493
500 499
501 500
502 498
502 500
503 492
504 503
505 476
505 504
506 505
507 506
508 507
509 507
510 509
511 509
512 511
513 506
514 508
514 513
515 514
516 474
516 515
517 515
518 517
519 513
520 519
521 511
521 520
522 521
523 522
524 523
525 524
526 522
527 526
528 519
529 484
529 503
530 485
530 487
530 529
531 530
532 491
532 516
534 533
535 534
538 537
539 538
541 540
542 541
543 541
544 536
544 543
545 539
545 544
546 478
546 545
547 479
547 546
548 545
549 494
549 548
552 551
553 510
553 552
554 552
555 528
555 554
557 556
558 557
560 559
561 560
562 550
562 554
562 558
562 561
563 562
564 510
564 560
565 564
566 512
566 565
567 520
567 561
567 564
569 535
569 548
569 563
569 568
570 48
571 49
572 570
572 571
575 574
576 575
577 451
577 576
578 577
579 422
579 578
580 430
580 452
580 579
582 581
583 50
583 54
583 55
583 582
584 583
585 583
586 457
586 585
587 467
587 471
587 586
588 583
590 589
591 589
592 589
593 592
594 593
595 580
595 591
595 594
596 595
597 596
598 597
599 595
600 599
601 600
602 601
603 597
603 601
604 532
604 599
605 604
606 605
607 606
608 604
609 608
610 609
611 606
611 610
612 610
613 608
614 613
615 613
616 268
616 269
616 362
616 615
617 616
618 616
619 618
620 616
621 615
622 360
622 621
623 613
624 578
624 594
625 624
626 577
626 593
628 627
630 629
631 627
631 629
632 631
634 633
635 634
636 635
637 636
638 637
639 638
640 638
641 636
642 634
644 643
645 644
646 645
647 646
648 631
648 643
649 648
650 649
651 650
652 648
653 652
654 653
655 632
655 654
656 655
657 656
658 657
659 658
660 659
661 657
662 661
663 662
664 662
665 664
666 664
667 666
668 666
669 668
670 668
671 670
672 670
673 672
674 670
675 128
675 673
675 674
676 675
677 675
678 96
678 673
678 674
679 678
680 678
681 668
682 128
682 671
682 681
683 682
684 682
685 96
685 671
685 681
686 685
687 666
688 122
688 669
688 687
689 688
690 688
691 97
691 669
691 687
692 691
693 664
694 131
694 667
694 693
695 694
696 694
697 102
697 667
697 693
698 697
699 662
700 103
700 665
700 699
701 700
702 130
702 665
702 699
703 702
704 702
705 655
706 655
707 706
708 659
708 707
709 121
709 705
709 708
710 709
711 709
712 93
712 705
712 708
713 712
714 706
715 714
716 715
717 659
717 716
718 715
719 718
720 130
720 660
720 719
721 720
722 720
723 93
723 660
723 719
724 723
725 719
726 659
726 725
727 718
728 102
728 726
728 727
729 728
730 121
730 726
730 727
731 730
732 730
733 714
734 103
734 717
734 733
735 734
736 131
736 717
736 733
737 736
738 736
739 655
740 663
740 672
740 739
741 740
742 741
743 742
744 641
744 743
745 744
746 745
747 741
748 747
749 637
749 748
750 749
751 750
752 751
753 752
754 753
755 754
756 753
757 751
758 749
759 747
760 747
761 639
761 760
762 761
763 761
764 761
765 764
766 765
767 766
768 766
769 761
770 769
771 770
772 771
773 772
774 772
775 774
776 766
776 775
777 140
777 143
777 773
777 776
778 777
779 777
780 79
780 773
780 776
781 780
782 72
782 768
782 774
783 782
784 782
785 772
786 771
787 766
787 786
788 787
789 137
789 785
789 788
790 789
791 789
792 79
792 785
792 788
793 792
794 792
795 787
796 770
797 134
797 795
797 796
798 797
799 797
800 76
800 795
800 796
801 800
802 769
803 134
803 763
803 767
803 802
804 803
805 803
806 68
806 763
806 767
806 802
807 806
808 640
808 760
809 808
810 750
810 809
811 78
811 810
812 758
812 811
813 812
814 810
815 145
815 758
815 814
816 815
817 815
818 752
818 809
819 818
820 78
820 757
820 819
821 820
822 135
822 818
823 757
823 822
824 823
825 823
826 809
827 69
827 755
827 756
827 826
828 827
829 827
830 145
830 755
830 756
830 826
831 830
832 830
833 809
834 76
834 754
834 833
835 834
836 834
837 135
837 754
837 833
838 837
839 837
840 740
841 633
841 840
842 841
843 841
844 843
845 842
845 844
846 845
847 845
848 847
849 848
850 848
851 850
852 847
853 842
853 844
854 740
855 635
855 854
856 855
857 855
858 857
859 858
860 858
861 860
862 861
863 861
864 158
864 746
864 863
865 864
866 864
867 112
867 746
867 863
868 867
869 867
870 860
871 745
871 870
872 871
873 158
873 862
873 872
874 873
875 873
876 112
876 862
876 872
877 876
878 871
879 858
880 152
880 878
880 879
881 880
882 880
883 114
883 878
883 879
884 883
885 883
886 857
887 745
887 886
888 887
889 148
889 859
889 888
890 889
891 889
892 105
892 859
892 888
893 892
894 892
895 887
896 855
897 148
897 895
897 896
898 897
899 897
900 115
900 895
900 896
901 900
902 642
902 743
902 854
903 902
904 903
905 104
905 853
905 904
906 905
907 905
908 151
908 843
908 904
909 908
910 908
911 903
912 846
912 911
913 115
913 852
913 912
914 913
915 913
916 149
916 846
916 911
917 852
917 916
918 917
919 917
920 903
921 114
921 849
921 920
922 851
922 921
923 922
924 922
925 151
925 849
925 920
926 851
926 925
927 926
928 926
929 903
930 108
930 850
930 929
931 930
932 930
933 149
933 850
933 929
934 933
935 933
936 646
936 654
937 936
938 936
939 938
940 939
941 939
942 941
943 938
944 938
945 653
946 653
947 946
948 946
949 168
949 944
949 948
950 949
951 949
952 653
953 82
953 944
953 947
953 952
954 953
955 947
955 952
956 955
957 956
958 160
958 943
958 956
959 958
960 958
961 955
962 91
962 943
962 957
962 961
963 962
964 957
964 961
965 964
966 91
966 942
966 965
967 966
968 965
969 964
970 175
970 941
970 968
970 969
971 970
972 970
973 968
973 969
974 973
975 87
975 940
975 974
976 89
976 975
977 938
977 974
978 175
978 940
978 974
979 978
980 978
981 973
982 82
982 977
982 981
983 982
984 163
984 166
984 977
984 981
985 984
986 984
987 644
987 652
988 987
990 989
991 989
992 574
992 581
992 589
992 989
993 992
994 989
995 994
996 995
997 587
997 991
997 996
998 997
999 998
1000 999
1001 1000
1002 563
1002 1001
1003 517
1003 602
1003 1002
1004 540
1004 1003
1005 488
1005 1003
1006 530
1006 547
1006 1005
1007 531
1007 535
1007 568
1007 1006
1008 481
1008 1007
1009 499
1009 501
1009 1007
1010 999
1011 569
1011 1010
1012 1011
1013 604
1013 1011
1014 1013
1015 371
1015 404
1015 406
1015 1014
1016 1015
1017 223
1017 1016
1018 350
1018 369
1018 1015
1019 368
1019 399
1019 1018
1020 351
1020 370
1020 1019
1021 1020
1022 1020
1023 1013
1024 1023
1025 1011
1026 1025
1027 355
1027 413
1027 607
1027 1026
1028 1027
1029 341
1029 1028
1030 1029
1031 334
1031 338
1031 1030
1032 1031
1033 393
1033 1032
1034 1033
1035 1033
1036 874
1036 1035
1037 344
1037 383
1037 1028
1038 1027
1039 898
1039 1038
1040 1025
1041 1011
1042 1041
1043 1042
1044 1043
1045 611
1045 1040
1045 1044
1046 372
1046 402
1046 1014
1046 1045
1047 223
1047 1023
1047 1046
1048 1047
1049 1047
1050 350
1050 406
1050 1045
1051 352
1051 367
1051 370
1051 398
1051 1018
1051 1050
1052 1017
1052 1051
1053 1052
1054 1052
1055 373
1055 401
1055 1050
1056 374
1056 395
1056 1021
1056 1055
1057 222
1057 1022
1057 1056
1058 1057
1059 1057
1060 374
1060 394
1060 1055
1061 353
1061 396
1061 1060
1062 365
1062 397
1062 1021
1062 1060
1063 216
1063 1061
1063 1062
1064 1063
1065 1063
1066 1043
1067 363
1067 412
1067 612
1067 1066
1068 334
1068 1067
1069 375
1069 379
1069 392
1069 414
1069 1068
1070 335
1070 1069
1071 378
1071 1069
1072 339
1072 1034
1072 1071
1073 222
1073 1070
1073 1072
1074 1073
1075 1073
1076 376
1076 380
1076 1032
1076 1068
1077 388
1077 1076
1078 1077
1079 387
1079 1031
1079 1077
1080 226
1080 1078
1080 1079
1081 1080
1082 1080
1083 344
1083 377
1083 392
1083 1034
1083 1068
1084 226
1084 1035
1084 1083
1085 876
1085 1084
1086 1084
1087 333
1087 376
1087 381
1087 385
1087 1030
1087 1067
1088 1087
1089 1029
1089 1087
1090 332
1090 384
1090 1089
1091 225
1091 1088
1091 1090
1092 1091
1093 1091
1094 1037
1094 1067
1095 225
1095 1038
1095 1094
1096 900
1096 1095
1097 1095
1098 1041
1099 1098
1100 1099
1101 1100
1102 419
1102 1100
1103 620
1103 1102
1104 1103
1105 249
1105 1104
1106 1105
1107 1106
1108 240
1108 309
1108 310
1108 1107
1109 239
1109 245
1109 1108
1110 241
1110 304
1110 1105
1111 1110
1112 242
1112 292
1112 300
1112 1111
1113 1110
1114 798
1114 1113
1115 1104
1116 1103
1117 804
1117 1116
1118 613
1118 1098
1119 358
1119 415
1119 1118
1120 1119
1121 267
1121 272
1121 321
1121 1120
1122 1121
1123 263
1123 284
1123 1121
1124 264
1124 285
1124 1123
1125 281
1125 317
1125 1124
1126 1125
1127 1125
1128 1127
1129 1119
1130 1098
1131 1130
1132 360
1132 417
1132 621
1132 1101
1132 1131
1133 286
1133 319
1133 1120
1133 1132
1134 212
1134 1129
1134 1133
1135 1134
1136 812
1136 1134
1137 1136
1138 265
1138 267
1138 324
1138 1132
1139 264
1139 281
1139 285
1139 316
1139 1123
1139 1138
1140 1122
1140 1139
1141 210
1141 1122
1141 1139
1142 1141
1143 820
1143 1141
1144 1143
1145 264
1145 287
1145 318
1145 1138
1146 288
1146 313
1146 1126
1146 1145
1147 210
1147 1127
1147 1146
1148 1147
1149 1147
1150 288
1150 312
1150 1145
1151 266
1151 314
1151 1150
1152 274
1152 315
1152 1126
1152 1150
1153 278
1153 1152
1154 204
1154 1151
1154 1153
1155 1154
1156 1154
1157 417
1157 1101
1157 1131
1158 418
1158 1130
1159 1158
1160 619
1160 1159
1161 250
1161 1160
1162 295
1162 298
1162 311
1162 325
1162 1161
1163 248
1163 1162
1164 237
1164 1162
1165 297
1165 1109
1165 1164
1166 207
1166 209
1166 1163
1166 1165
1167 1166
1168 1166
1169 1163
1169 1165
1170 295
1170 311
1170 1161
1171 296
1171 1109
1171 1170
1172 1171
1173 243
1173 1171
1174 1108
1174 1173
1175 201
1175 1172
1175 1174
1176 780
1176 1175
1177 1175
1178 245
1178 293
1178 306
1178 1106
1178 1161
1179 290
1179 1112
1179 1178
1180 213
1180 1113
1180 1179
1181 800
1181 1180
1182 1180
1183 243
1183 292
1183 299
1183 302
1183 1178
1184 239
1184 255
1184 291
1184 1183
1185 1184
1186 238
1186 253
1186 255
1186 301
1186 1111
1186 1184
1187 213
1187 1185
1187 1186
1188 1187
1189 1187
1190 257
1190 303
1190 1115
1190 1160
1191 212
1191 1116
1191 1190
1192 806
1192 1191
1193 1191
1194 1098
1195 997
1196 1195
1197 1001
1197 1196
1198 603
1198 1197
1199 524
1199 558
1199 566
1199 1198
1200 525
1200 527
1200 550
1200 1199
1201 562
1201 1195
1202 514
1202 598
1202 1201
1203 1202
1204 490
1204 1203
1205 1204
1206 547
1206 549
1206 1205
1207 1206
1208 496
1208 533
1208 1207
1209 501
1209 531
1209 1006
1209 1208
1210 1209
1211 496
1211 534
1211 1009
1211 1207
1212 190
1212 1008
1212 1211
1213 1212
1214 1212
1215 502
1215 1206
1215 1209
1216 190
1216 1210
1216 1215
1217 685
1217 1216
1218 1216
1219 486
1219 496
1219 543
1219 1005
1219 1205
1220 485
1220 501
1220 502
1220 536
1220 539
1220 1219
1221 480
1221 529
1221 1220
1222 1221
1223 495
1223 541
1223 1204
1224 1223
1225 485
1225 498
1225 537
1225 1224
1226 484
1226 504
1226 1219
1226 1225
1227 478
1227 480
1227 500
1227 538
1227 1221
1227 1224
1228 184
1228 1222
1228 1227
1229 691
1229 1228
1230 1228
1231 1223
1232 695
1232 1231
1233 191
1233 1226
1233 1231
1234 697
1234 1233
1235 1233
1236 505
1236 1004
1236 1203
1237 1202
1238 703
1238 1236
1238 1237
1239 191
1239 1236
1239 1237
1240 1239
1241 595
1241 997
1242 1241
1243 567
1243 1242
1244 1243
1245 512
1245 528
1245 557
1245 1244
1246 1245
1247 525
1247 527
1247 551
1247 1199
1247 1246
1248 555
1248 1246
1249 181
1249 553
1249 1248
1250 1200
1250 1249
1251 1250
1252 1245
1253 731
1253 1252
1254 181
1254 1247
1254 1252
1255 1254
1256 556
1256 565
1256 1244
1257 521
1257 1198
1257 1256
1258 1243
1259 737
1259 1258
1260 182
1260 1257
1260 1258
1261 1260
1262 523
1262 559
1262 1242
1263 526
1263 1198
1263 1262
1264 1241
1265 710
1265 1264
1266 182
1266 1263
1266 1264
1267 1266
1268 585
1268 996
1269 624
1269 1268
1270 429
1270 1269
1271 472
1271 1270
1272 456
1272 1271
1273 425
1273 1271
1274 1268
1275 588
1275 626
1275 995
1276 1275
1277 433
1277 1276
1278 1277
1279 429
1279 453
1279 1278
1280 1279
1281 454
1281 470
1281 1280
1282 1281
1283 437
1283 469
1283 1282
1284 455
1284 1270
1284 1283
1285 454
1285 1272
1285 1282
1286 200
1286 1273
1286 1285
1287 1286
1288 1281
1289 194
1289 1284
1289 1288
1290 1289
1291 458
1291 1280
1292 435
1292 465
1292 1270
1292 1291
1293 1292
1294 464
1294 1279
1294 1292
1295 194
1295 1293
1295 1294
1296 1295
1297 87
1297 90
1297 954
1297 963
1297 967
1297 1287
1297 1290
1297 1296
1298 459
1298 463
1298 1269
1298 1278
1299 428
1299 436
1299 1298
1300 1299
1301 1277
1301 1299
1302 427
1302 462
1302 1301
1303 197
1303 1300
1303 1302
1304 1303
1305 438
1305 461
1305 1269
1305 1276
1306 1275
1307 1306
1308 200
1308 1305
1308 1306
1309 700
1309 712
1309 723
1309 728
1309 734
1309 982
1309 1239
1309 1250
1309 1254
1309 1260
1309 1266
1309 1297
1309 1303
1309 1308
1310 1308
1311 83
1311 88
1311 195
1311 198
1311 701
1311 713
1311 724
1311 729
1311 735
1311 953
1311 962
1311 966
1311 976
1311 983
1311 1240
1311 1251
1311 1255
1311 1261
1311 1267
1311 1286
1311 1289
1311 1295
1311 1304
1311 1309
1311 1310
1312 575
1312 582
1312 592
1312 994
1313 50
1313 440
1313 448
1313 1312
1314 1313
1315 54
1315 442
1315 449
1315 1313
1316 446
1316 993
1316 1315
1317 1314
1317 1316
1318 53
1318 443
1318 445
1318 447
1318 1312
1319 446
1319 987
1319 1315
1319 1318
1320 1318
