0 336
0 358
0 373
0 392
0 782
0 786
0 800
0 807
0 816
0 822
0 831
0 839
0 851
0 861
1 65
1 337
1 356
1 374
1 390
1 493
1 619
1 779
1 787
1 798
1 804
1 817
1 823
1 832
1 836
1 852
1 860
2 3
2 4
2 5
2 6
2 7
21 20
22 20
23 22
24 20
25 24
26 25
29 28
30 28
31 28
32 28
33 32
35 34
36 35
37 36
38 37
39 37
40 38
40 39
41 37
42 39
42 41
43 37
44 39
44 43
45 38
45 41
45 44
46 40
46 41
46 43
47 38
47 42
47 43
48 47
49 48
50 48
51 36
52 51
53 52
54 52
55 54
56 34
57 35
58 35
60 59
62 61
64 63
65 63
66 65
67 63
68 67
71 70
72 70
73 72
74 72
75 74
76 74
77 76
78 77
79 70
80 79
81 80
82 80
83 75
83 76
83 82
84 82
85 82
87 86
91 90
92 90
93 90
94 90
96 95
97 95
98 95
99 95
101 100
102 100
103 100
104 100
106 105
107 33
107 91
107 96
107 101
107 106
108 105
109 29
109 92
109 97
109 102
109 108
110 105
111 30
111 93
111 98
111 103
111 110
112 105
113 31
113 94
113 99
113 104
113 112
114 111
114 113
115 107
115 109
115 114
117 116
118 116
119 116
120 116
122 121
123 121
124 121
125 121
127 126
128 126
129 126
130 126
131 130
133 132
134 133
135 132
136 132
137 132
139 138
140 138
141 138
142 138
144 143
145 143
146 143
147 143
149 148
150 148
151 150
152 148
153 152
154 152
155 154
156 154
158 157
159 157
160 157
161 157
163 162
164 162
165 162
166 162
167 166
169 168
170 169
171 168
172 168
173 168
175 174
176 174
177 174
178 174
180 179
181 179
182 179
183 179
185 184
186 167
186 169
186 175
186 180
186 185
187 184
188 163
188 171
188 176
188 181
188 187
189 184
190 164
190 172
190 177
190 182
190 189
191 184
192 165
192 173
192 178
192 183
192 191
193 188
193 192
194 186
194 190
194 193
196 195
197 139
197 144
197 158
197 196
198 195
199 140
199 145
199 159
199 198
200 195
201 141
201 146
201 149
201 160
201 200
202 195
203 142
203 147
203 150
203 161
203 202
204 153
204 199
204 203
205 152
205 190
205 192
205 201
205 203
206 19
207 206
208 206
210 209
211 210
212 210
214 213
215 117
215 122
215 131
215 135
215 214
216 213
217 118
217 123
217 127
217 136
217 216
218 213
219 119
219 124
219 128
219 133
219 218
220 213
221 120
221 125
221 129
221 137
221 220
222 215
222 221
223 107
223 113
223 219
223 221
225 224
226 225
227 225
229 228
230 228
231 230
232 231
233 230
234 233
235 230
236 230
237 236
239 238
240 239
241 153
241 240
242 239
243 242
244 239
245 239
246 245
248 247
249 248
250 248
251 250
252 248
253 248
254 253
256 255
257 256
258 257
259 256
260 259
261 256
262 256
263 262
265 264
266 265
267 265
268 265
269 264
270 229
270 264
271 238
271 247
271 255
271 270
273 272
274 273
275 274
276 273
277 273
278 277
279 273
280 279
281 279
282 279
284 283
285 284
286 284
287 284
288 284
289 288
290 288
292 291
293 292
294 292
295 294
296 292
297 292
298 297
300 299
301 300
302 301
303 300
304 303
305 300
306 300
307 306
309 308
310 309
311 231
311 240
311 249
311 257
311 290
311 293
311 301
311 310
312 269
312 281
312 311
313 310
314 309
315 233
315 242
315 250
315 259
315 268
315 274
315 280
315 285
315 294
315 303
315 314
316 314
317 309
318 235
318 244
318 252
318 261
318 276
318 289
318 296
318 305
318 317
319 266
319 286
319 318
320 315
320 319
321 309
322 321
323 236
323 245
323 253
323 262
323 267
323 277
323 287
323 297
323 306
323 321
325 324
326 325
327 325
329 328
330 112
330 160
330 234
330 329
331 330
332 330
333 330
334 328
335 110
335 158
335 232
335 334
336 335
337 335
338 335
339 328
340 328
342 341
343 342
344 342
345 27
345 104
345 149
345 243
345 344
346 345
347 346
348 345
349 345
350 341
351 341
352 351
353 351
354 341
355 103
355 241
355 353
355 354
356 355
357 355
358 355
360 359
361 360
362 359
363 362
364 363
365 99
365 146
365 251
365 360
365 364
366 365
367 366
368 365
369 365
370 249
370 363
371 98
371 144
371 370
372 371
373 371
374 371
375 359
376 359
378 377
379 31
379 200
379 260
379 378
380 379
381 22
381 331
381 346
381 366
381 380
382 380
383 379
384 332
384 348
384 368
384 383
385 379
386 333
386 349
386 369
386 385
387 24
387 381
387 384
387 386
388 377
389 30
389 196
389 258
389 388
390 389
391 389
392 389
393 377
394 377
396 395
397 396
398 395
399 94
399 141
399 268
399 398
400 399
401 399
402 25
402 401
403 402
404 403
405 404
406 405
407 406
408 406
409 406
410 409
411 405
412 411
413 411
414 413
415 414
416 415
417 416
418 416
419 416
420 419
421 414
422 421
423 422
424 404
425 424
426 425
427 404
428 403
429 424
429 428
430 428
431 428
432 431
433 432
434 433
435 432
436 435
437 435
438 436
438 437
439 415
439 438
440 438
441 431
442 441
443 402
444 443
445 430
445 444
446 444
447 446
448 447
449 446
450 449
451 447
451 450
452 451
453 452
454 453
455 454
456 455
457 456
458 455
459 457
459 458
460 459
461 453
462 443
463 462
464 463
465 464
466 465
467 456
467 466
468 467
469 466
470 465
471 469
471 470
472 471
473 471
474 472
474 473
475 474
476 474
477 476
478 477
479 478
480 472
480 473
481 480
482 471
483 481
483 482
484 483
485 467
485 479
485 484
486 454
486 483
487 486
488 459
488 478
488 487
489 458
489 470
490 447
490 464
490 484
491 463
492 491
493 399
494 493
495 22
495 26
495 494
496 495
497 496
498 497
499 498
500 498
501 496
502 501
503 502
504 502
505 495
506 505
507 506
508 507
509 508
510 509
511 510
512 511
513 511
514 513
515 513
516 510
517 516
518 517
519 517
520 508
521 520
522 521
523 521
524 507
525 524
526 525
527 526
528 527
529 527
530 529
531 529
532 526
533 532
534 533
535 533
536 524
537 536
538 537
539 537
540 506
541 540
542 541
543 542
544 543
545 543
546 541
547 546
548 547
549 548
550 547
551 550
552 540
553 552
554 553
555 554
556 555
557 555
558 557
559 557
560 554
561 560
562 561
563 561
564 552
565 564
566 565
567 565
568 505
569 568
570 569
571 570
572 571
573 572
574 573
575 572
576 570
577 576
578 577
579 578
580 578
581 580
582 580
583 577
584 583
585 584
586 584
587 569
588 587
589 588
590 589
591 589
592 591
593 591
594 588
595 594
596 595
597 595
598 587
599 598
600 599
601 600
602 599
603 602
604 568
605 604
606 605
607 606
608 607
609 606
610 606
611 605
612 611
613 611
614 395
615 395
616 269
616 615
617 93
617 139
617 616
618 617
619 617
620 619
621 66
621 620
622 621
623 621
624 623
625 622
625 624
626 625
627 626
628 626
629 628
630 627
630 629
631 622
631 624
632 631
633 632
634 633
635 632
636 635
637 636
638 636
639 632
640 631
641 640
642 641
643 641
644 66
644 620
645 644
646 644
647 645
647 646
648 646
649 644
650 649
651 644
652 645
652 650
652 651
653 646
653 652
654 653
655 654
656 653
657 656
658 655
658 657
659 658
660 659
661 660
662 660
663 658
664 663
665 664
666 664
667 647
667 649
667 651
668 667
669 668
670 669
671 670
672 670
673 668
674 673
675 674
676 674
677 667
678 677
679 678
680 678
681 680
682 677
683 682
684 683
685 683
686 617
687 686
688 64
688 687
689 688
690 689
691 690
692 691
693 692
694 692
695 691
696 695
697 696
698 696
699 696
700 699
701 695
702 701
703 702
704 703
705 703
706 701
707 690
708 689
709 708
710 709
711 709
712 711
713 711
714 712
714 713
715 714
716 715
717 716
718 717
719 717
720 694
720 717
721 720
722 721
723 722
724 716
725 723
725 724
726 724
727 702
727 722
727 726
728 714
729 728
730 712
730 713
731 711
732 688
733 732
734 733
735 732
736 735
737 708
737 734
737 736
738 735
739 738
740 735
741 740
742 741
743 740
744 732
745 744
746 734
746 743
746 745
747 746
748 747
749 746
750 749
751 750
752 750
753 752
754 749
755 754
756 753
756 754
757 756
758 744
759 758
760 745
760 759
761 760
762 734
762 738
762 760
763 758
764 739
764 741
764 763
765 764
766 765
767 765
768 767
769 766
769 768
770 769
771 770
772 769
773 772
776 775
777 189
777 218
777 275
777 776
778 777
779 777
780 779
781 780
782 777
783 775
784 185
784 216
784 282
784 783
785 784
786 784
787 784
788 775
789 775
791 790
792 791
793 792
794 286
794 793
795 792
796 288
796 795
797 136
797 180
797 796
798 797
799 797
800 797
801 792
802 285
802 801
803 134
803 182
803 802
804 803
805 804
806 803
807 803
808 792
809 287
809 808
811 810
812 811
813 293
813 812
814 127
814 175
814 813
815 814
816 814
817 814
818 817
819 810
820 128
820 177
820 295
820 819
821 820
822 820
823 820
824 823
825 810
826 810
828 827
829 124
829 172
829 304
829 828
830 829
831 829
832 829
833 832
834 827
835 123
835 170
835 302
835 834
836 835
837 836
838 835
839 835
840 827
841 827
843 842
844 339
844 343
844 375
844 393
844 788
844 825
844 840
844 843
845 842
846 340
846 350
846 376
846 394
846 789
846 826
846 841
846 845
847 397
847 808
847 846
848 842
849 119
849 164
849 316
849 848
850 849
851 849
852 849
853 329
853 344
853 360
853 378
853 776
853 819
853 828
853 848
854 398
854 801
854 853
855 614
855 793
855 844
855 854
856 842
857 118
857 167
857 313
857 856
858 857
859 338
859 357
859 372
859 391
859 401
859 686
859 778
859 785
859 799
859 806
859 815
859 821
859 830
859 838
859 850
859 858
860 857
861 857
862 0
862 25
862 67
862 384
862 386
862 859
863 334
863 354
863 362
863 388
863 783
863 811
863 834
863 856
864 272
864 283
864 291
864 299
864 308
864 396
864 790
864 844
864 846
864 853
864 863
865 795
865 863
866 353
866 615
866 865
868 867
869 69
869 210
869 225
869 325
869 774
869 868
870 868
871 868
873 206
873 869
873 872
874 872
875 872
876 208
876 211
876 226
876 326
876 870
876 875
879 878
881 880
882 740
882 762
882 881
883 882
884 883
885 884
886 884
887 720
887 884
888 887
889 888
890 772
890 880
891 756
891 771
891 890
892 891
893 891
894 891
896 761
896 895
897 896
898 693
898 729
898 883
898 896
899 898
900 898
901 896
902 895
903 747
903 757
903 773
903 881
903 892
903 902
904 903
905 903
906 905
907 905
908 751
908 757
908 770
908 881
908 902
909 908
910 908
911 910
913 912
914 913
915 914
916 914
918 917
919 917
920 919
921 920
922 920
923 922
925 924
926 924
927 55
927 85
927 748
927 766
927 768
927 880
927 917
927 926
931 852
931 930
932 931
933 932
934 933
935 933
936 931
937 936
938 937
939 574
939 582
939 585
939 935
939 938
940 937
941 331
941 930
942 941
943 942
944 943
945 943
946 941
947 946
948 947
949 947
950 930
951 347
951 950
952 951
953 952
954 953
955 953
956 951
957 956
958 957
959 957
960 604
960 950
961 960
962 779
962 960
963 962
964 963
965 963
966 965
967 629
967 655
967 662
967 966
968 965
969 961
969 968
970 962
971 367
971 950
972 971
973 542
973 972
974 972
975 974
976 974
977 971
978 977
979 978
980 544
980 548
980 976
980 979
981 978
982 930
983 833
983 982
984 983
985 525
985 984
986 984
987 986
988 986
989 983
990 989
991 990
992 990
993 824
993 982
994 993
995 553
995 994
996 994
997 996
998 996
999 998
1000 999
1001 993
1002 1001
1003 1002
1004 558
1004 563
1004 566
1004 998
1004 1003
1005 1002
1006 805
1006 982
1007 1006
1008 1007
1009 1008
1010 1008
1011 1006
1012 1011
1013 1012
1014 609
1014 613
1014 1010
1014 1013
1015 1012
1016 382
1016 982
1017 1016
1018 1017
1019 1018
1020 1018
1021 1016
1022 1021
1023 1022
1024 1022
1025 18
1026 16
1026 17
1027 56
1028 1027
1029 1027
1033 374
1033 1032
1034 1033
1035 669
1035 1034
1036 1034
1037 1036
1038 1036
1039 1033
1040 1039
1041 1040
1042 1040
1043 390
1043 645
1043 649
1043 1032
1044 648
1044 651
1044 1043
1045 1044
1046 1044
1047 1032
1048 1047
1049 860
1049 1048
1050 1049
1051 1049
1052 860
1052 1048
1053 659
1053 1052
1054 1052
1055 1052
1056 837
1056 1047
1057 640
1057 1056
1058 1057
1059 500
1059 515
1059 518
1059 545
1059 603
1059 633
1059 672
1059 679
1059 1045
1059 1058
1060 1057
1061 1056
1062 1061
1063 1062
1064 1063
1065 1061
1066 818
1066 1047
1067 639
1067 1066
1068 1066
1069 1068
1070 1069
1071 1069
1072 531
1072 535
1072 559
1072 563
1072 582
1072 586
1072 609
1072 1064
1072 1071
1073 1066
1074 1032
1075 356
1075 1074
1076 1075
1077 1076
1078 1077
1079 1077
1080 935
1080 945
1080 955
1080 976
1080 988
1080 1010
1080 1020
1080 1038
1080 1079
1081 999
1081 1055
1081 1080
1082 1075
1083 1082
1084 1083
1085 938
1085 948
1085 958
1085 979
1085 991
1085 1003
1085 1013
1085 1023
1085 1041
1085 1084
1086 679
1086 684
1086 1079
1086 1084
1087 1083
1088 625
1088 798
1088 1074
1089 1088
1090 1088
1091 499
1091 514
1091 519
1091 544
1091 671
1091 1060
1091 1090
1092 337
1092 1074
1093 1092
1094 1054
1094 1093
1095 1092
1096 1051
1096 1095
1097 940
1097 949
1097 959
1097 981
1097 992
1097 1005
1097 1015
1097 1024
1097 1042
1097 1087
1097 1096
1098 77
1098 84
1098 787
1098 1074
1099 1098
1100 530
1100 534
1100 551
1100 558
1100 562
1100 581
1100 585
1100 608
1100 661
1100 968
1100 1063
1100 1070
1100 1099
1101 1098
1102 503
1102 522
1102 548
1102 593
1102 596
1102 1065
1102 1072
1102 1101
1105 1104
1106 1105
1107 1106
1108 412
1108 436
1108 437
1108 1107
1109 417
1109 440
1109 1106
1110 1109
1111 1106
1112 427
1112 429
1112 1111
1113 1112
1114 1113
1115 1114
1116 1115
1117 488
1117 1116
1118 1116
1119 1112
1120 1119
1121 1119
1123 426
1123 430
1123 1122
1124 1123
1125 1121
1125 1123
1126 450
1126 487
1126 490
1126 1115
1126 1125
1127 1126
1128 1127
1129 1128
1130 1126
1131 1130
1132 1130
1133 461
1133 492
1133 1113
1133 1125
1134 1133
1135 1133
1136 1135
1137 491
1137 1117
1137 1123
1138 1122
1139 415
1139 1111
1139 1138
1140 407
1140 1139
1141 423
1141 1140
1142 434
1142 1141
1143 408
1143 410
1143 1142
1144 418
1144 419
1144 439
1144 1108
1144 1139
1145 1144
1146 1145
1147 1144
1149 785
1149 1148
1150 81
1150 1149
1151 895
1151 927
1151 1150
1152 1151
1153 1151
1154 88
1154 1150
1155 1154
1156 1155
1157 1156
1158 1154
1159 1158
1160 1159
1161 858
1161 1148
1162 1161
1163 1162
1164 1148
1165 799
1165 1164
1166 1160
1166 1165
1167 1166
1168 923
1168 924
1168 1167
1169 1157
1169 1166
1170 920
1170 1169
1171 919
1171 926
1171 1157
1171 1160
1171 1165
1172 748
1172 753
1172 890
1172 902
1172 1156
1172 1159
1172 1171
1173 53
1173 764
1173 918
1173 1172
1174 1173
1175 1173
1176 357
1176 1164
1177 1176
1178 1177
1179 706
1179 1177
1180 838
1180 1164
1181 1168
1181 1180
1182 1181
1183 909
1183 1182
1184 1181
1185 1184
1186 910
1186 1184
1187 1148
1188 372
1188 1187
1189 338
1189 1187
1190 1163
1190 1189
1191 1190
1192 1190
1193 815
1193 1187
1194 1193
1195 1194
1196 755
1196 1183
1196 1195
1197 1193
1198 1197
1199 1180
1199 1194
1199 1198
1200 1155
1200 1167
1200 1199
1201 1200
1202 694
1202 925
1202 1201
1203 697
1203 704
1203 725
1203 1202
1204 1192
1204 1203
1205 698
1205 706
1205 897
1205 1204
1206 922
1206 1200
1207 1206
1208 926
1208 1161
1208 1201
1208 1207
1209 1208
1210 1208
1211 1210
1212 1211
1213 1207
1214 1162
1214 1213
1215 1214
1216 654
1216 1093
1216 1215
1217 719
1217 1213
1218 694
1218 886
1218 1217
1219 884
1219 1213
1220 697
1220 710
1220 721
1220 885
1220 896
1220 1163
1220 1189
1220 1219
1221 698
1221 700
1221 718
1221 1202
1221 1218
1221 1220
1222 45
1222 889
1222 1214
1222 1221
1223 1222
1224 704
1224 715
1224 1179
1224 1191
1224 1219
1225 1224
1226 699
1226 705
1226 728
1226 1178
1226 1188
1226 1205
1226 1225
1227 1224
1228 46
1228 727
1228 1226
1228 1227
1229 1228
1230 1228
1231 1230
1232 698
1232 700
1232 727
1232 730
1232 731
1232 901
1232 1176
1232 1191
1232 1219
1233 705
1233 1204
1233 1232
1234 1233
1235 702
1235 885
1235 1190
1235 1218
1235 1233
1236 706
1236 718
1236 724
1236 1235
1237 46
1237 1234
1237 1236
1238 1237
1239 1237
1240 683
1240 1076
1240 1234
1240 1236
1241 882
1241 898
1241 1206
1241 1209
1241 1212
1242 45
1242 899
1242 900
1242 1209
1242 1241
1243 1242
1244 1242
1245 1198
1246 771
1246 892
1246 1170
1246 1183
1246 1245
1247 53
1247 1186
1247 1246
1248 1196
1248 1247
1249 1248
1250 1248
1251 641
1251 1061
1251 1246
1252 1168
1252 1170
1252 1195
1252 1245
1253 904
1253 1252
1254 1253
1255 633
1255 894
1255 1068
1255 1254
1256 54
1256 907
1256 1254
1257 893
1257 921
1257 1169
1257 1253
1258 894
1258 1256
1258 1257
1259 1258
1260 1152
1260 1174
1260 1243
1260 1249
1260 1259
1261 1258
1262 391
1262 1187
1263 1188
1263 1262
1264 1263
1265 725
1265 1263
1266 1262
1267 1266
1268 47
1268 693
1268 897
1268 1202
1268 1225
1268 1265
1268 1267
1269 1268
1270 1269
1271 1222
1271 1231
1271 1270
1272 49
1272 1238
1272 1271
1273 1268
1275 778
1275 1274
1276 1275
1277 1276
1278 1277
1279 879
1279 915
1279 1278
1280 1275
1281 1280
1282 916
1282 1278
1282 1281
1283 1144
1283 1282
1284 1282
1285 1281
1286 1285
1287 878
1287 1286
1288 913
1288 1277
1288 1287
1289 408
1289 410
1289 441
1289 1105
1289 1288
1290 407
1290 1122
1290 1289
1291 1290
1292 912
1292 1104
1292 1290
1293 383
1293 1274
1294 1274
1295 1294
1296 348
1296 1295
1297 1296
1298 1294
1299 368
1299 1298
1300 1299
1301 489
1301 1300
1302 1294
1303 806
1303 1302
1304 1303
1305 1304
1306 1305
1307 1306
1308 806
1308 1302
1309 1308
1310 423
1310 442
1310 1107
1310 1284
1310 1306
1310 1309
1311 1310
1312 1279
1312 1284
1312 1304
1312 1309
1313 610
1313 611
1313 1007
1313 1110
1313 1145
1313 1147
1313 1312
1314 1274
1315 821
1315 1314
1316 1315
1317 433
1317 1316
1318 1315
1319 1318
1320 1276
1320 1303
1320 1319
1321 1319
1322 409
1322 1279
1322 1307
1322 1311
1322 1317
1322 1321
1323 408
1323 439
1323 1141
1323 1322
1324 1323
1325 418
1325 420
1325 437
1325 1310
1325 1323
1326 850
1326 1314
1327 1326
1328 1327
1329 1326
1330 1329
1331 1328
1331 1330
1332 1331
1333 332
1333 1314
1334 1333
1335 1333
1336 1335
1337 1332
1337 1334
1337 1336
1338 1337
1339 1297
1339 1338
1340 1337
1341 1314
1342 830
1342 1341
1343 1280
1343 1308
1343 1316
1343 1320
1343 1342
1344 1343
1345 878
1345 1334
1345 1336
1345 1344
1346 878
1346 1344
1347 368
1347 1298
1347 1339
1347 1344
1348 475
1348 485
1348 879
1348 1347
1349 468
1349 489
1349 1299
1349 1348
1350 468
1350 1124
1350 1293
1350 1301
1350 1348
1351 477
1351 1350
1352 460
1352 1299
1352 1350
1353 915
1353 1343
1354 1353
1355 1354
1356 1355
1357 1332
1357 1345
1357 1356
1358 1357
1359 497
1359 942
1359 1129
1359 1358
1360 1357
1361 1360
1362 1129
1362 1132
1362 1361
1363 1340
1363 1356
1364 1363
1365 461
1365 475
1365 1117
1365 1297
1365 1364
1366 1365
1367 368
1367 1298
1367 1365
1368 1123
1368 1349
1368 1367
1369 1352
1369 1367
1370 588
1370 599
1370 1017
1370 1351
1370 1369
1371 1296
1371 1338
1371 1346
1371 1364
1372 1371
1373 451
1373 479
1373 484
1373 1137
1373 1372
1374 1373
1375 1371
1376 1375
1377 1375
1378 488
1378 1363
1378 1373
1379 1118
1379 1121
1379 1378
1380 509
1380 952
1380 1374
1380 1379
1381 486
1381 1114
1381 1128
1381 1331
1381 1355
1382 879
1382 1329
1382 1354
1383 1327
1383 1344
1383 1382
1384 1383
1385 1112
1385 1353
1385 1383
1386 1134
1386 1385
1387 576
1387 932
1387 1135
1387 1384
1387 1386
1388 1143
1388 1279
1388 1307
1388 1342
1389 1311
1389 1388
1390 439
1390 1317
1390 1389
1391 422
1391 1321
1391 1388
1393 56
1393 1392
1394 1393
1395 1394
1396 1393
1397 1396
1398 1397
1399 1394
1399 1398
1400 1399
1401 530
1401 535
1401 538
1401 988
1401 991
1401 1400
1402 1399
1403 1397
1404 1403
1405 1395
1405 1404
1406 1405
1407 499
1407 503
1407 945
1407 948
1407 1406
1408 1405
1409 1408
1410 1408
1411 1410
1412 1395
1412 1403
1413 34
1414 1413
1415 671
1415 675
1415 1038
1415 1041
1415 1231
1415 1414
1416 1413
1417 1416
1418 1417
1419 1418
1420 661
1420 665
1420 1050
1420 1055
1420 1418
1421 1417
1422 1421
1423 637
1423 1070
1423 1073
1423 1422
1424 1421
1425 1424
1426 642
1426 1058
1426 1062
1426 1425
1427 34
1428 1427
1429 1428
1430 1366
1430 1368
1430 1429
1431 1430
1432 1430
1433 1374
1433 1377
1433 1379
1433 1429
1434 1433
1435 1433
1436 514
1436 518
1436 522
1436 955
1436 958
1436 1409
1436 1411
1436 1435
1437 1428
1438 1358
1438 1362
1438 1381
1438 1437
1439 1438
1440 1438
1441 1384
1441 1386
1441 1437
1442 1136
1442 1441
1443 1442
1444 1442
1445 1444
1446 1427
1447 1446
1448 1390
1448 1391
1448 1447
1449 1448
1450 1448
1451 1351
1451 1369
1451 1447
1452 1451
1453 1451
1454 592
1454 596
1454 600
1454 1020
1454 1023
1454 1453
1455 1446
1456 1109
1456 1146
1456 1283
1456 1312
1456 1455
1457 1456
1458 1456
1459 1455
1460 1459
1461 1460
1462 1459
1463 1462
1464 1461
1464 1463
1465 1464
1466 1291
1466 1292
1466 1465
1467 1466
1468 1466
1469 1324
1469 1325
1469 1464
1470 1469
1471 1431
1471 1434
1471 1435
1471 1439
1471 1443
1471 1449
1471 1452
1471 1453
1471 1457
1471 1460
1471 1467
1471 1470
1472 1469
