0 80
0 104
0 105
1 81
1 106
2 108
2 124
2 125
3 100
3 111
3 132
3 133
4 82
4 134
5 83
5 140
6 126
6 127
6 144
7 101
7 135
7 141
8 87
8 102
8 138
8 139
9 84
9 142
9 145
10 88
10 107
11 89
11 110
12 112
12 130
12 131
13 91
13 94
13 103
14 85
14 137
14 143
15 93
15 128
15 129
16 122
17 123
18 92
18 136
19 99
20 109
20 113
21 97
21 98
22 114
22 115
23 116
23 117
24 118
24 119
25 120
25 121
26 861
27 862
28 95
28 171
29 96
29 172
30 880
30 881
30 882
30 883
30 884
30 887
31 523
31 549
31 562
31 642
31 648
31 649
32 171
32 172
33 98
33 99
34 173
34 174
35 74
35 75
35 76
35 77
35 78
35 79
36 706
37 122
37 123
38 86
38 90
38 92
38 109
38 113
38 136
39 95
39 96
39 171
39 172
40 74
40 75
40 76
40 77
40 78
40 79
41 173
41 174
41 706
41 874
42 58
42 808
43 59
43 809
44 60
44 810
45 61
45 811
46 62
46 849
47 63
47 850
48 64
48 851
49 65
49 852
50 66
50 853
51 67
51 822
52 68
52 855
53 69
53 856
54 70
54 857
55 71
55 858
56 72
56 831
57 73
57 832
58 791
59 793
60 795
61 797
62 812
63 814
64 816
65 818
66 820
67 799
68 823
69 825
70 827
71 829
72 801
73 803
74 920
75 921
76 931
77 922
78 923
79 924
80 175
80 177
81 218
81 219
82 179
82 181
83 220
83 221
84 183
84 185
85 222
85 223
86 187
86 188
87 224
87 225
88 189
88 191
89 226
89 227
90 193
90 195
91 228
91 229
92 197
92 199
93 206
93 208
94 230
94 231
95 593
96 594
97 171
97 172
97 173
97 174
98 158
98 160
98 162
99 157
99 159
99 161
100 148
100 233
101 149
101 232
102 150
102 235
103 151
103 234
104 198
104 323
105 152
105 311
106 202
106 360
107 205
107 361
108 212
108 362
109 153
109 475
110 215
110 363
111 154
111 356
112 155
112 237
113 156
113 236
114 164
114 679
115 163
115 678
116 166
116 675
117 165
117 674
118 168
118 612
119 167
119 611
120 170
120 586
121 169
121 585
122 146
122 917
123 147
123 918
124 176
124 312
125 178
125 313
126 180
126 314
127 182
127 315
128 184
128 316
129 186
129 317
130 190
130 318
131 192
131 319
132 194
132 320
133 196
133 321
134 200
134 239
135 201
135 238
136 203
136 241
137 204
137 240
138 207
138 324
139 209
139 325
140 210
140 243
141 211
141 242
142 213
142 245
143 214
143 244
144 216
144 247
145 217
145 246
146 907
147 909
148 232
149 233
150 234
151 235
152 260
153 461
154 328
155 236
156 237
157 880
158 884
159 263
159 264
159 696
160 265
160 266
160 695
161 306
161 307
162 308
162 309
163 670
164 672
165 662
166 664
167 595
168 597
169 573
170 575
171 267
172 268
173 267
173 268
174 757
174 759
174 761
174 763
174 765
174 767
174 769
174 771
175 249
175 396
176 270
177 248
177 395
178 272
179 251
179 397
180 274
181 252
181 400
182 276
183 254
183 402
184 278
185 253
185 401
186 280
187 282
187 539
188 255
188 535
189 286
189 407
190 285
191 256
191 403
192 288
193 291
193 408
194 290
195 257
195 404
196 293
197 294
197 295
198 295
199 259
199 260
200 238
201 239
202 346
203 240
204 241
205 348
206 300
206 409
207 299
208 261
208 405
209 302
210 242
211 243
212 352
213 244
214 245
215 354
216 246
217 247
218 269
218 270
219 271
219 272
220 273
220 274
221 275
221 276
222 277
222 278
223 279
223 280
224 281
224 481
225 283
225 482
226 284
226 285
227 287
227 288
228 289
228 290
229 292
229 293
230 298
230 299
231 301
231 302
232 250
233 250
234 258
235 258
236 262
237 262
238 296
239 296
240 297
241 297
242 303
243 303
244 304
245 304
246 305
247 305
248 365
249 367
250 310
251 369
252 371
253 373
254 375
255 519
256 377
257 379
258 322
259 311
260 327
261 382
262 326
263 707
264 692
264 708
265 709
266 694
266 710
267 711
267 713
267 715
267 717
267 725
267 727
267 729
267 731
267 739
267 741
267 743
267 745
267 773
267 775
267 777
267 779
268 719
268 721
268 723
268 733
268 735
268 737
268 747
268 749
268 751
268 753
268 755
268 781
268 783
268 785
268 787
268 789
269 312
270 334
271 313
272 335
273 314
274 336
275 315
276 337
277 316
278 338
279 317
280 339
281 465
282 525
283 467
284 318
285 340
286 386
287 319
288 341
289 320
290 342
291 388
292 321
293 343
294 323
295 344
296 345
296 346
297 347
297 348
298 324
299 349
300 391
301 325
302 350
303 351
303 352
304 353
304 354
305 328
305 329
306 331
306 677
307 330
307 676
308 333
308 625
309 332
309 624
310 358
310 359
311 327
312 334
313 335
314 336
315 337
316 338
317 339
318 340
319 341
320 342
321 343
322 355
322 545
323 344
324 349
325 350
326 357
326 522
327 364
328 384
329 356
330 666
331 668
332 607
333 609
334 367
334 368
335 365
335 366
336 369
336 370
337 371
337 372
338 375
338 376
339 373
339 374
340 385
340 386
341 377
341 378
342 387
342 388
343 379
343 380
344 381
344 929
345 360
346 389
347 361
348 392
349 390
349 391
350 382
350 383
351 362
352 394
353 363
354 393
355 536
356 384
357 507
358 399
358 543
359 398
359 542
360 389
361 392
362 394
363 393
364 406
364 623
365 411
366 395
367 412
368 396
369 413
370 397
371 414
372 400
373 415
374 401
375 416
376 402
377 417
378 403
379 418
380 404
381 927
382 420
383 405
384 410
385 407
386 425
387 408
388 424
389 419
389 506
390 409
391 426
392 421
392 451
393 422
393 432
394 423
394 431
395 411
396 412
397 413
398 531
399 533
400 414
401 415
402 416
403 417
404 418
405 420
406 606
407 425
408 424
409 426
410 433
410 472
411 427
412 446
412 447
413 442
413 443
414 430
415 428
416 436
416 444
416 445
417 429
418 434
419 493
420 435
421 439
422 431
423 432
424 437
424 633
425 438
425 500
426 439
426 440
427 456
427 457
428 449
428 458
429 448
429 459
429 460
430 454
430 455
431 441
432 441
433 452
434 450
434 631
435 452
435 453
436 473
436 474
437 622
438 485
439 471
440 451
441 461
441 462
442 463
442 496
443 464
443 497
444 465
444 466
445 467
445 468
446 469
446 526
447 470
447 527
448 483
448 484
449 491
449 492
450 617
451 471
452 487
453 472
454 489
454 565
455 476
455 561
456 477
456 478
457 479
457 480
458 485
458 486
459 488
459 517
460 490
460 518
461 495
462 475
463 477
464 479
465 498
466 481
467 499
468 482
469 512
470 515
471 493
471 494
472 487
473 501
473 502
474 503
474 504
475 495
476 546
477 509
478 496
479 510
480 497
481 498
482 499
483 513
483 578
484 505
484 569
485 516
486 500
487 507
487 508
488 502
489 551
490 504
491 511
491 512
492 514
492 515
493 521
494 506
495 523
495 530
496 509
497 510
498 524
498 525
499 519
499 520
500 516
501 517
502 528
503 518
504 529
505 558
506 521
507 538
508 522
509 533
509 534
510 531
510 532
511 526
512 540
513 564
514 527
515 541
516 536
516 537
517 528
518 529
519 544
520 535
521 549
521 552
522 538
523 553
523 554
524 539
525 555
526 540
527 541
528 550
528 551
529 546
529 547
530 548
530 905
531 556
532 542
533 557
534 543
535 544
536 560
537 545
538 562
538 567
539 555
540 563
540 564
541 558
541 559
542 556
543 557
544 566
545 560
546 571
547 561
548 893
549 579
549 580
550 565
551 581
552 572
552 904
553 575
553 576
554 573
554 574
555 577
555 630
556 568
557 587
557 591
558 582
559 569
560 570
561 571
562 589
562 590
563 578
564 592
565 581
566 583
566 620
567 584
567 906
568 593
569 582
570 594
571 588
572 892
573 599
574 585
575 600
576 586
577 615
578 592
579 597
579 598
580 595
580 596
581 601
581 911
582 602
583 604
584 894
585 599
586 600
587 603
587 604
588 605
588 606
589 609
589 610
590 607
590 608
591 614
591 615
592 616
592 617
593 618
593 885
594 619
594 886
595 626
596 611
597 627
598 612
599 613
600 628
600 629
601 901
602 621
602 622
603 620
604 632
605 623
606 634
607 635
608 624
609 636
610 625
611 626
612 627
613 697
614 630
615 638
616 631
617 639
618 875
619 877
620 632
621 633
622 641
623 634
624 635
625 636
626 637
627 644
627 645
628 652
628 654
629 653
629 655
630 638
631 639
632 640
633 641
634 642
635 643
636 650
636 651
637 696
638 646
638 902
639 647
639 903
640 648
641 649
642 656
642 657
643 697
644 652
644 653
645 654
645 655
646 890
647 891
648 658
648 659
649 660
649 661
650 702
650 704
651 703
651 705
652 711
652 717
652 725
652 731
652 743
652 753
652 757
652 759
652 761
652 767
652 769
652 771
652 777
652 787
653 715
653 719
653 729
653 733
653 741
653 751
653 765
653 775
653 785
654 713
654 723
654 727
654 737
654 739
654 747
654 749
654 755
654 763
654 773
654 781
654 783
654 789
655 721
655 735
655 745
655 779
656 664
656 665
657 662
657 663
658 668
658 669
659 666
659 667
660 672
660 673
661 670
661 671
662 680
663 674
664 681
665 675
666 682
667 676
668 683
669 677
670 684
671 678
672 685
673 679
674 680
675 681
676 682
677 683
678 684
679 685
680 686
681 689
681 690
682 687
683 691
683 692
684 688
685 693
685 694
686 696
687 695
688 696
689 702
689 703
690 704
690 705
691 707
691 708
692 698
692 699
693 709
693 710
694 700
694 701
695 706
695 874
696 695
697 695
698 712
698 714
698 716
698 718
698 726
698 728
698 730
698 732
698 740
698 774
699 720
699 722
699 724
699 734
699 736
699 738
699 742
699 744
699 746
699 748
699 758
699 776
699 778
699 780
699 782
700 712
700 714
700 716
700 718
700 720
700 726
700 728
700 730
700 732
700 734
701 722
701 724
701 736
701 738
701 750
701 752
701 754
701 756
701 760
701 784
701 786
701 788
701 790
702 713
702 715
702 727
702 729
702 745
702 757
702 759
702 763
702 765
702 769
702 771
702 779
703 717
703 731
703 747
703 755
703 767
703 781
703 789
704 711
704 721
704 725
704 735
704 739
704 741
704 749
704 751
704 761
704 773
704 775
704 783
704 785
705 719
705 723
705 733
705 737
705 743
705 753
705 777
705 787
706 879
707 772
708 750
708 752
708 754
708 756
708 760
708 762
708 764
708 766
708 768
708 770
708 784
708 786
708 788
708 790
709 770
710 740
710 742
710 744
710 746
710 748
710 758
710 762
710 764
710 766
710 768
710 772
710 774
710 776
710 778
710 780
710 782
711 835
711 841
712 711
713 835
713 841
714 713
715 834
715 840
716 715
717 834
717 840
718 717
719 838
719 844
720 719
721 836
721 842
722 721
723 836
723 842
724 723
725 791
725 792
726 725
727 793
727 794
728 727
729 795
729 796
730 729
731 797
731 798
732 731
733 799
733 800
734 733
735 801
735 802
736 735
737 803
737 804
738 737
739 834
739 840
740 739
741 834
741 840
742 741
743 833
743 839
744 743
745 833
745 839
746 745
747 838
747 844
748 747
749 837
749 843
750 749
751 837
751 843
752 751
753 837
753 843
754 753
755 837
755 843
756 755
757 807
758 757
759 807
760 759
761 806
762 761
763 806
764 763
765 806
766 765
767 806
768 767
769 805
770 769
771 805
772 771
773 812
773 813
774 773
775 814
775 815
776 775
777 816
777 817
778 777
779 818
779 819
780 779
781 820
781 821
782 781
783 823
783 824
784 783
785 825
785 826
786 785
787 827
787 828
788 787
789 829
789 830
790 789
791 845
792 808
793 846
794 809
795 847
796 810
797 848
798 811
799 854
800 822
801 859
802 831
803 860
804 832
805 872
806 805
807 805
808 845
809 846
810 847
811 848
812 863
813 849
814 864
815 850
816 865
817 851
818 866
819 852
820 867
821 853
822 854
823 868
824 855
825 869
826 856
827 870
828 857
829 871
830 858
831 859
832 860
833 861
834 833
835 833
836 862
837 836
838 836
839 872
839 873
840 839
841 839
842 872
842 873
843 842
844 842
849 863
850 864
851 865
852 866
853 867
855 868
856 869
857 870
858 871
861 875
861 876
862 877
862 878
872 874
873 880
873 881
873 882
873 883
873 884
873 887
874 879
875 888
876 885
877 889
878 886
880 890
880 895
881 891
881 896
882 892
882 897
883 893
883 898
884 894
884 899
885 888
886 889
887 900
887 901
888 907
888 908
889 909
889 910
890 912
891 913
892 914
893 915
894 916
895 902
896 903
897 904
898 905
899 906
900 911
901 919
902 912
903 913
904 914
905 915
906 916
907 925
908 917
909 926
910 918
911 919
912 920
913 921
914 922
915 923
916 924
917 925
918 926
919 927
919 928
927 930
928 929
929 930
930 931
