0 59
0 79
0 127
0 140
0 141
0 144
0 161
0 171
0 193
0 204
0 218
0 240
0 256
0 893
0 898
0 899
0 910
0 921
0 926
0 927
0 953
0 954
0 969
0 991
0 1040
0 1046
0 1053
0 1056
0 1059
0 1060
0 1061
0 1063
0 1073
0 1082
0 1086
0 1097
0 1104
0 1105
0 1115
0 1116
0 1125
0 1135
0 1150
0 1158
0 1164
0 1171
0 1174
0 1177
0 1178
0 1181
0 1184
0 1191
0 1192
0 1201
0 1250
0 1257
0 1263
0 1271
0 1282
0 1287
0 1294
0 1304
0 1308
0 1312
0 1328
0 1334
0 1338
0 1346
0 1354
0 1371
0 1379
0 1385
0 1394
0 1420
0 1424
0 1429
0 1430
0 1446
1 2
1 3
1 4
1 5
49 46
50 45
51 50
52 51
53 52
56 55
57 56
58 57
59 58
60 58
61 60
62 59
62 61
63 62
64 63
65 64
66 62
67 66
68 66
69 68
70 60
71 70
72 58
73 72
74 73
75 74
76 75
77 75
78 77
79 77
80 73
81 72
82 81
83 82
84 83
85 83
86 85
87 81
88 87
89 88
90 57
91 90
92 91
93 92
94 93
95 94
96 95
97 94
98 97
99 92
100 99
101 100
102 91
103 102
104 102
105 57
106 105
107 106
108 107
109 108
110 109
111 110
112 109
113 107
114 113
115 114
116 115
117 114
118 114
119 106
120 119
121 119
122 56
123 122
124 123
125 124
126 124
127 122
128 127
129 128
130 125
130 129
131 130
132 131
133 132
134 133
135 133
136 132
137 136
138 136
139 130
140 139
141 139
142 128
143 126
143 142
144 143
145 144
146 143
147 146
148 145
148 147
149 148
150 148
151 150
152 151
153 151
154 150
155 153
155 154
156 155
157 155
158 157
159 156
159 158
160 152
160 154
161 160
162 161
163 160
164 163
165 122
166 165
167 166
168 167
169 168
170 166
171 170
172 171
173 170
174 173
175 172
175 174
176 175
177 176
178 176
179 177
179 178
180 177
180 178
181 165
182 122
183 182
184 183
185 183
186 183
187 185
187 186
188 183
189 186
189 188
190 184
190 185
190 189
191 184
191 187
191 188
192 184
192 185
192 186
192 188
193 192
194 193
195 192
196 195
197 182
198 197
199 198
200 198
201 56
202 201
203 202
204 202
205 203
205 204
206 205
207 206
208 206
209 205
210 209
211 210
212 211
213 212
214 202
215 214
216 215
217 215
218 217
219 218
220 217
221 220
222 219
222 221
223 214
224 223
225 223
226 225
227 226
228 227
229 227
230 226
231 230
232 226
233 226
234 233
235 201
236 235
237 235
238 237
239 238
240 239
241 240
242 239
243 242
244 241
244 243
245 244
246 245
247 246
248 246
249 245
250 249
251 247
251 249
252 201
253 252
254 253
255 253
256 255
257 256
258 255
259 258
260 257
260 259
261 252
262 261
263 262
264 263
265 264
266 261
267 56
268 55
269 55
270 55
273 272
274 273
275 274
276 275
277 275
278 277
279 276
279 277
280 279
281 280
282 281
283 282
284 283
285 273
286 285
287 286
288 287
289 287
290 289
291 282
291 290
292 289
293 292
294 284
294 292
295 289
296 289
297 286
298 281
298 297
299 298
300 299
301 298
302 298
303 297
304 303
305 278
305 304
306 305
307 304
308 307
309 305
309 308
310 304
311 280
311 310
312 303
313 312
314 313
315 313
316 313
317 311
317 314
317 315
317 316
318 308
318 317
319 318
320 311
320 315
320 316
320 319
321 320
322 276
322 312
323 272
324 323
325 324
326 325
327 326
328 327
329 328
330 327
331 327
332 325
333 332
334 333
335 334
336 323
337 336
338 337
339 285
339 338
340 337
341 336
342 341
343 342
344 343
345 343
346 345
347 345
348 342
349 348
350 348
351 341
352 351
354 353
355 354
356 355
359 358
360 359
361 296
361 322
361 360
363 362
364 363
365 364
366 363
367 357
367 360
367 366
368 367
370 369
372 371
373 372
375 374
376 375
377 376
378 377
379 377
380 375
382 381
383 382
384 383
385 383
386 381
387 386
389 388
391 390
392 391
393 392
394 393
395 394
396 395
397 396
398 394
399 393
400 399
401 400
402 400
403 399
404 403
405 390
406 405
407 405
408 407
409 407
410 409
411 410
412 410
413 402
413 412
414 413
415 414
416 409
417 416
418 398
418 417
419 417
420 416
421 420
422 392
422 420
423 422
424 423
425 423
426 422
427 424
427 426
428 427
429 428
430 429
431 430
432 431
433 431
434 429
435 422
436 425
436 426
436 435
437 435
438 391
438 406
438 423
438 426
438 437
439 438
440 439
441 324
441 440
442 340
442 441
443 435
444 443
445 444
446 445
447 445
448 447
449 446
449 448
450 430
450 444
451 450
452 451
453 450
454 427
454 443
457 456
458 457
459 458
460 455
460 459
461 460
464 463
465 464
466 462
466 465
467 466
468 397
468 466
469 464
471 470
472 470
474 473
475 474
476 473
477 476
478 477
479 476
480 479
481 479
483 482
484 483
485 482
486 485
487 486
488 486
490 489
491 490
492 491
493 492
494 491
495 476
495 483
495 494
496 489
497 496
498 497
499 493
499 498
500 493
500 498
501 472
501 495
501 497
502 471
502 474
502 485
502 492
502 498
502 501
503 502
505 504
506 504
507 506
508 505
508 507
509 461
509 467
509 503
509 508
510 509
511 370
511 373
511 378
511 382
511 510
512 380
512 386
512 511
513 42
515 514
516 515
517 516
518 517
519 518
520 519
521 520
522 518
523 522
524 517
525 524
526 524
527 526
528 527
529 515
530 529
531 530
532 531
533 532
534 531
535 533
535 534
536 535
537 519
537 536
538 537
539 538
540 537
541 537
542 528
542 536
543 542
544 543
545 535
546 545
547 546
548 547
549 546
550 549
551 550
552 551
553 550
554 545
555 554
556 554
557 529
558 514
559 558
560 559
561 560
562 558
563 562
564 559
564 563
565 559
565 563
566 562
567 566
568 561
568 567
569 568
570 567
571 570
572 53
572 570
573 566
573 571
575 574
576 574
577 576
578 575
578 577
580 579
581 580
582 581
585 584
586 585
587 583
587 586
588 587
589 578
589 582
589 588
590 575
590 577
590 582
590 588
591 590
592 584
595 594
596 595
597 596
598 597
599 598
600 598
601 600
602 600
603 597
604 603
605 603
606 595
607 606
608 599
608 607
609 607
610 609
611 610
612 599
612 611
613 611
614 610
615 614
616 615
617 604
617 616
618 617
619 618
620 615
621 614
622 594
623 622
624 623
625 623
626 625
627 626
628 627
629 627
630 625
631 630
632 622
633 624
633 632
634 633
635 632
636 635
637 630
637 636
638 631
638 637
639 637
640 639
641 637
642 636
643 642
644 643
645 644
646 642
647 645
647 646
648 642
649 648
650 649
651 646
651 650
652 649
653 649
654 653
655 653
656 655
657 646
657 656
658 631
658 644
658 646
658 652
658 655
659 658
660 647
660 648
662 661
663 662
665 664
666 665
667 666
668 665
671 670
672 671
673 669
673 672
676 675
677 676
678 675
679 678
680 679
681 680
682 681
683 679
684 683
685 683
687 686
688 687
690 689
691 676
691 690
692 690
693 692
694 693
695 693
696 695
697 696
698 694
698 697
699 629
699 688
699 698
700 699
701 689
702 701
703 674
703 678
703 688
703 691
703 701
704 703
705 673
705 704
707 47
708 43
709 707
709 708
713 712
714 516
714 557
714 564
714 713
715 714
716 596
716 634
716 715
717 606
717 716
718 717
719 718
720 719
721 719
723 722
724 49
724 52
724 723
725 724
726 591
726 593
726 725
727 726
728 727
729 726
731 712
731 730
732 731
733 565
733 732
734 733
735 521
735 734
736 735
737 522
737 736
738 556
738 737
739 550
739 738
740 730
741 740
742 437
742 718
742 740
743 425
743 742
744 404
744 743
745 397
745 744
746 402
746 745
747 398
747 419
747 746
748 747
749 748
750 747
751 414
751 418
751 459
751 746
752 740
753 752
754 441
754 720
754 753
755 337
755 754
756 296
756 301
756 307
756 310
756 314
756 315
756 755
757 299
757 756
758 753
759 752
760 721
760 759
761 760
762 338
762 442
762 761
763 762
764 762
765 300
765 321
765 764
766 291
766 302
766 756
766 765
767 766
768 766
769 439
769 720
769 753
769 761
770 350
770 769
771 346
771 351
771 770
772 369
772 378
772 769
773 331
773 438
773 760
774 329
774 330
774 349
774 350
774 773
775 774
776 332
776 344
776 347
776 775
777 776
778 326
778 771
778 777
779 759
780 730
781 780
782 781
783 717
783 782
784 783
785 784
786 785
787 436
787 786
788 787
789 434
789 718
789 786
790 741
790 789
791 433
791 453
791 790
792 451
792 791
793 452
793 453
793 475
793 790
794 432
794 433
794 793
795 785
796 434
796 446
796 448
796 795
797 796
798 432
798 433
798 449
798 797
799 798
800 792
800 799
801 800
802 800
803 802
804 803
805 803
806 800
807 806
808 806
809 808
810 801
810 804
810 809
811 454
811 790
811 797
812 811
813 811
814 813
815 812
815 814
816 796
817 813
817 816
818 796
819 812
819 818
820 715
820 782
821 741
821 820
822 620
822 634
822 821
823 714
823 781
824 823
825 824
826 825
827 826
828 827
829 659
829 826
830 825
831 825
832 633
832 831
833 832
834 602
834 620
834 833
835 834
836 608
836 822
836 835
837 836
838 836
839 838
840 834
841 638
841 821
841 831
842 640
842 641
842 829
842 830
842 841
843 842
844 713
844 779
844 780
845 758
845 844
846 564
846 845
847 540
847 846
848 539
848 541
848 734
848 847
849 520
849 846
850 523
850 528
850 541
850 849
851 539
851 540
851 544
851 739
851 850
852 851
853 852
854 851
855 853
855 854
856 525
856 530
856 736
856 849
857 548
857 549
857 856
858 857
859 858
860 857
861 44
862 861
864 863
865 864
866 865
867 864
868 863
869 868
871 870
872 871
873 862
873 872
874 873
875 874
876 875
877 876
878 875
879 877
879 878
880 879
881 880
882 879
883 873
884 883
885 861
885 870
886 885
887 886
888 887
889 67
889 877
889 878
889 888
890 889
891 149
891 876
891 888
892 891
893 891
894 881
894 887
895 894
896 894
897 156
897 158
897 882
897 896
898 897
899 897
900 63
900 882
900 896
901 900
902 901
903 902
904 900
905 887
906 874
906 905
907 67
907 884
907 906
908 907
909 149
909 884
909 906
910 909
911 909
912 911
913 880
913 887
914 913
915 913
916 64
916 895
916 915
917 916
918 159
918 895
918 915
919 918
920 853
920 919
921 918
922 886
923 922
924 922
925 162
925 164
925 914
925 924
926 925
927 925
928 862
928 871
928 886
929 928
930 929
931 928
932 931
933 932
934 930
934 932
935 886
936 935
937 935
938 937
939 181
939 936
939 938
940 939
941 939
942 76
942 936
942 938
943 942
944 943
945 942
946 943
946 945
947 937
948 947
949 947
950 947
951 950
952 169
952 949
952 951
953 952
954 952
955 949
955 951
956 955
957 955
958 957
959 958
960 959
961 74
961 960
962 959
963 959
964 955
965 959
965 964
966 89
966 956
966 965
967 966
968 179
968 956
968 965
969 968
970 968
971 970
972 964
973 972
974 973
975 76
975 963
975 973
976 975
977 972
978 974
978 977
979 978
980 979
981 979
982 180
982 962
982 981
983 982
984 982
985 978
986 980
986 985
987 986
988 986
989 988
990 961
990 989
991 990
992 990
993 175
993 960
993 989
994 993
995 993
996 868
996 988
997 996
998 867
998 997
999 998
1000 998
1001 1000
1002 1001
1003 1001
1004 1000
1005 1004
1006 1003
1006 1005
1007 1006
1008 1007
1009 1008
1010 1009
1011 1009
1012 1011
1013 1012
1014 134
1014 1010
1014 1013
1015 1014
1016 1014
1017 120
1017 1010
1017 1013
1018 1017
1019 1017
1020 1012
1021 1011
1022 1021
1023 1022
1024 1023
1025 1024
1026 1024
1027 1022
1028 1011
1029 1028
1030 1028
1031 1011
1032 1030
1032 1031
1033 1021
1033 1032
1034 111
1034 112
1034 1020
1034 1033
1035 1034
1036 1035
1037 1034
1038 135
1038 1020
1038 1033
1039 1038
1040 1038
1041 1023
1041 1032
1042 111
1042 112
1042 1027
1042 1041
1043 1042
1044 134
1044 1027
1044 1041
1045 1044
1046 1044
1047 1032
1048 120
1048 1025
1048 1047
1049 1048
1050 131
1050 1025
1050 1047
1051 1050
1052 767
1052 768
1052 1051
1053 1050
1054 1025
1054 1032
1055 121
1055 1026
1055 1054
1056 1055
1057 1055
1058 135
1058 1026
1058 1054
1059 1058
1060 1058
1061 1029
1061 1031
1062 1061
1063 118
1063 1029
1063 1031
1064 116
1064 117
1064 1063
1065 1064
1066 1009
1067 1008
1068 121
1068 1066
1068 1067
1069 1068
1070 1068
1071 137
1071 1066
1071 1067
1072 1071
1073 1071
1074 1007
1075 1074
1076 1006
1077 108
1077 1075
1077 1076
1078 1077
1079 1077
1080 138
1080 1074
1080 1076
1081 1080
1082 1080
1083 1005
1084 137
1084 1003
1084 1083
1085 1084
1086 1084
1087 105
1087 1004
1088 1087
1089 1087
1090 998
1091 1000
1091 1090
1092 101
1092 999
1092 1091
1093 1092
1094 190
1094 999
1094 1091
1095 1094
1096 1094
1097 1096
1098 1090
1099 1098
1100 1099
1101 1100
1102 1100
1103 194
1103 196
1103 1002
1103 1102
1104 1103
1105 1103
1106 1000
1106 1102
1107 96
1107 98
1107 1002
1107 1102
1108 1107
1109 1107
1110 1100
1111 93
1111 1106
1111 1110
1112 1111
1113 1111
1114 191
1114 1106
1114 1110
1115 1114
1116 1114
1117 1099
1118 1001
1118 1117
1119 1118
1120 99
1120 1101
1120 1119
1121 1120
1122 1120
1123 191
1123 1101
1123 1119
1124 1123
1125 1123
1126 1118
1127 1098
1128 103
1128 1126
1128 1127
1129 1128
1130 95
1130 1018
1130 1069
1130 1078
1130 1088
1130 1108
1130 1112
1130 1121
1130 1129
1131 1128
1132 97
1132 1019
1132 1036
1132 1037
1132 1070
1132 1079
1132 1089
1132 1109
1132 1113
1132 1122
1132 1130
1132 1131
1133 190
1133 1126
1133 1127
1134 1133
1135 1133
1136 866
1136 997
1137 1136
1138 1137
1139 865
1139 996
1140 1139
1141 1136
1141 1140
1142 1140
1143 1142
1144 1143
1145 1144
1146 103
1146 1138
1146 1145
1147 1146
1148 200
1148 1137
1148 1145
1149 1148
1150 1148
1151 1144
1152 1136
1152 1143
1153 1152
1154 104
1154 1151
1154 1153
1155 1154
1156 200
1156 1151
1156 1153
1157 1156
1158 1156
1159 1152
1160 1142
1161 104
1161 1159
1161 1160
1162 1161
1163 199
1163 1159
1163 1160
1164 1163
1165 1163
1166 1139
1167 90
1167 1141
1167 1166
1168 1167
1169 199
1169 1141
1169 1166
1170 1169
1171 1169
1172 957
1172 988
1173 84
1173 86
1173 987
1173 1172
1174 1173
1175 1173
1176 180
1176 987
1176 1172
1177 1176
1178 1176
1179 980
1179 985
1180 84
1180 86
1180 962
1180 1179
1181 1180
1182 179
1182 963
1182 974
1182 977
1183 1182
1184 1182
1185 80
1185 950
1186 1185
1187 937
1188 80
1188 948
1188 1187
1189 1188
1190 168
1190 948
1190 1187
1191 1190
1192 1190
1193 935
1194 82
1194 923
1194 1193
1195 1194
1196 65
1196 901
1196 945
1196 1195
1197 1195
1198 1194
1199 181
1199 923
1199 1193
1200 1199
1201 1199
1202 885
1203 1202
1204 929
1204 1203
1206 1205
1207 1206
1208 1207
1209 1208
1210 1209
1211 663
1211 666
1211 705
1211 706
1211 1210
1212 728
1212 1211
1213 1212
1214 1213
1215 512
1215 1214
1216 762
1216 1215
1217 1216
1218 318
1218 1217
1219 1218
1220 364
1220 1219
1221 363
1221 1218
1222 1045
1222 1221
1223 1216
1224 1039
1224 1223
1225 763
1225 1215
1226 755
1226 1225
1227 1215
1228 764
1228 1227
1229 509
1229 1213
1230 1229
1231 384
1231 387
1231 1230
1232 1231
1233 379
1233 380
1233 1232
1234 1233
1235 776
1235 1233
1236 774
1236 1231
1237 729
1237 1211
1238 1237
1239 1238
1240 1239
1241 1240
1242 1241
1243 510
1243 1214
1243 1242
1244 384
1244 1243
1245 333
1245 349
1245 350
1245 772
1245 1244
1246 344
1246 346
1246 373
1246 1245
1247 330
1247 1245
1248 329
1248 331
1248 372
1248 777
1248 1234
1248 1247
1249 236
1249 1246
1249 1248
1250 1249
1251 1249
1252 1016
1252 1246
1252 1248
1253 778
1253 1244
1254 371
1254 378
1254 1234
1254 1253
1255 1072
1255 1235
1255 1254
1256 238
1256 1235
1256 1254
1257 1256
1258 1256
1259 335
1259 352
1259 374
1259 770
1259 1244
1260 775
1260 1232
1260 1259
1261 1081
1261 1236
1261 1260
1262 237
1262 1236
1262 1260
1263 1262
1264 1262
1265 352
1265 385
1265 769
1265 773
1265 1230
1265 1243
1266 328
1266 330
1266 387
1266 1265
1267 1266
1268 438
1268 760
1268 1229
1268 1266
1269 1085
1269 1267
1269 1268
1270 236
1270 1267
1270 1268
1271 1270
1272 1270
1273 503
1273 1212
1273 1242
1274 467
1274 505
1274 507
1274 748
1274 1273
1275 403
1275 461
1275 1274
1276 460
1276 1274
1277 512
1277 1242
1278 1226
1278 1228
1278 1277
1279 301
1279 1217
1279 1278
1280 300
1280 302
1280 362
1280 1279
1281 251
1281 1223
1281 1280
1282 1281
1283 1281
1284 309
1284 319
1284 366
1284 1278
1285 306
1285 322
1285 358
1285 1220
1285 1284
1286 251
1286 1221
1286 1285
1287 1042
1287 1286
1288 1286
1289 291
1289 294
1289 295
1289 306
1289 357
1289 361
1289 1284
1290 1289
1291 359
1291 365
1291 1289
1292 284
1292 290
1292 1219
1292 1291
1293 248
1293 250
1293 1290
1293 1292
1294 1293
1295 1293
1296 1060
1296 1290
1296 1292
1297 367
1297 1277
1298 353
1298 368
1298 1227
1298 1297
1299 294
1299 320
1299 367
1299 766
1299 1298
1300 295
1300 1225
1300 1299
1301 1298
1302 250
1302 1300
1302 1301
1303 248
1303 767
1303 1302
1304 1048
1304 1303
1305 1303
1306 302
1306 356
1306 389
1306 757
1306 1297
1307 321
1307 368
1307 1306
1308 283
1308 291
1308 355
1308 1228
1308 1307
1309 288
1309 1306
1310 125
1310 1308
1310 1309
1311 244
1311 1308
1311 1309
1312 1064
1312 1311
1313 1311
1314 502
1314 1241
1315 787
1315 1314
1316 404
1316 411
1316 1315
1317 1316
1318 411
1318 468
1318 1317
1319 1318
1320 1124
1320 1319
1321 1318
1322 467
1322 1273
1322 1321
1323 455
1323 751
1323 1322
1324 1323
1325 413
1325 458
1325 1323
1326 408
1326 415
1326 1276
1326 1321
1327 222
1327 1275
1327 1326
1328 1327
1329 1327
1330 1318
1331 395
1331 456
1331 745
1331 1330
1332 421
1332 1322
1332 1331
1333 225
1333 1319
1333 1332
1334 1333
1335 1333
1336 1325
1336 1330
1337 224
1337 1324
1337 1336
1338 1337
1339 1337
1340 465
1340 1273
1340 1317
1341 418
1341 462
1341 744
1341 1340
1342 1341
1343 469
1343 1316
1343 1341
1344 1134
1344 1342
1344 1343
1345 224
1345 1342
1345 1343
1346 1345
1347 1345
1348 743
1348 1273
1348 1315
1349 401
1349 408
1349 463
1349 1348
1350 1349
1351 788
1351 1314
1351 1349
1352 1095
1352 1350
1352 1351
1353 216
1353 1350
1353 1351
1354 1092
1354 1353
1355 1353
1356 500
1356 1212
1356 1240
1357 488
1357 1356
1358 471
1358 472
1358 1357
1359 794
1359 1149
1359 1358
1360 1358
1361 1360
1362 493
1362 496
1362 1239
1363 494
1363 1362
1364 1363
1365 484
1365 488
1365 1364
1366 479
1366 1365
1367 452
1367 478
1367 481
1367 1366
1368 449
1368 791
1368 799
1368 1367
1369 227
1369 1361
1369 1368
1370 230
1370 234
1370 794
1370 1369
1371 1146
1371 1370
1372 1370
1373 475
1373 478
1373 481
1373 1357
1373 1366
1374 1373
1375 231
1375 805
1375 1374
1376 798
1376 803
1376 1365
1376 1373
1377 48
1377 801
1377 809
1377 1157
1377 1376
1378 229
1378 232
1378 233
1378 804
1378 808
1378 1375
1378 1376
1379 1154
1379 1378
1380 1378
1381 484
1381 487
1381 1356
1381 1364
1382 1381
1383 819
1383 1363
1383 1381
1384 222
1384 814
1384 816
1384 1382
1384 1383
1385 1161
1385 1384
1386 1384
1387 817
1387 1165
1387 1382
1387 1383
1388 454
1388 496
1388 718
1388 740
1388 784
1388 1212
1388 1238
1389 490
1389 1388
1390 1389
1391 783
1391 1237
1391 1389
1392 1170
1392 1390
1392 1391
1393 216
1393 1390
1393 1391
1394 1167
1394 1393
1395 1393
1396 728
1396 729
1396 1210
1397 621
1397 705
1397 822
1397 1396
1398 616
1398 1397
1399 601
1399 613
1399 663
1399 667
1399 706
1399 1398
1400 662
1400 1399
1401 1399
1402 726
1402 1209
1403 823
1403 1402
1404 1200
1404 1403
1405 1402
1406 703
1406 1405
1407 1406
1408 1407
1409 1408
1410 1408
1411 604
1411 621
1411 673
1411 835
1411 1410
1412 1411
1413 668
1413 1412
1414 1413
1415 612
1415 619
1415 666
1415 1398
1415 1414
1416 661
1416 1415
1417 1416
1418 601
1418 618
1418 1400
1418 1414
1419 260
1419 613
1419 1401
1419 1418
1420 1419
1421 1419
1422 617
1422 1413
1422 1416
1423 264
1423 1417
1423 1422
1424 1423
1425 1423
1426 608
1426 664
1426 1397
1426 1412
1427 1411
1428 265
1428 1426
1428 1427
1429 1428
1430 1180
1430 1428
1431 1430
1432 669
1432 672
1432 704
1432 1396
1432 1410
1433 612
1433 634
1433 704
1433 821
1433 833
1433 1396
1433 1407
1434 1406
1435 670
1435 1433
1435 1434
1436 1435
1437 832
1437 1406
1437 1435
1438 266
1438 1436
1438 1437
1439 1438
1440 1434
1441 671
1441 1409
1441 1440
1442 837
1442 839
1442 840
1442 1183
1442 1432
1442 1441
1443 1441
1444 837
1444 839
1444 1432
1444 1443
1445 260
1445 840
1445 1444
1446 975
1446 1445
1447 1445
1448 1396
1448 1405
1449 696
1449 702
1449 1448
1450 641
1450 700
1450 841
1450 1448
1451 640
1451 674
1451 1450
1452 628
1452 677
1452 1451
1453 629
1453 1452
1454 1402
1455 702
1455 1454
1456 1455
1457 628
1457 659
1457 660
1457 687
1457 699
1457 1456
1458 681
1458 827
1458 1457
1459 641
1459 677
1459 682
1459 1458
1460 639
1460 685
1460 700
1460 841
1460 1448
1460 1459
1461 1460
1462 660
1462 682
1462 685
1462 1451
1462 1458
1463 254
1463 1453
1463 1462
1464 1463
1465 828
1465 1457
1465 1460
1466 830
1466 1465
1467 262
1467 1461
1467 1466
1468 1467
1469 686
1469 1456
1470 698
1470 1448
1470 1469
1471 1470
1472 1471
1473 1470
1474 658
1474 694
1474 697
1474 825
1474 842
1474 1455
1475 1473
1475 1474
1476 843
1476 1475
1477 254
1477 1472
1477 1476
1478 1477
1479 694
1479 1449
1479 1454
1480 626
1480 635
1480 821
1480 824
1480 1479
1481 266
1481 1403
1481 1480
1482 1481
1483 725
1483 1208
1484 540
1484 591
1484 1483
1485 538
1485 593
1485 850
1485 1484
1486 525
1486 1485
1487 544
1487 555
1487 590
1487 739
1487 1485
1488 724
1488 1207
1489 1488
1490 1489
1491 1490
1492 1490
1493 1483
1493 1492
1494 589
1494 1493
1495 542
1495 553
1495 581
1495 1494
1496 1494
1497 586
1497 1493
1498 556
1498 1487
1498 1492
1499 1486
1499 1498
1500 1499
1501 1490
1502 583
1502 1497
1502 1501
1503 1502
1504 1502
1505 1504
1506 546
1506 860
1506 1505
1507 585
1507 735
1507 1491
1507 1503
1507 1506
1508 207
1508 859
1508 1504
1508 1507
1509 1508
1510 892
1510 1503
1510 1507
1511 555
1511 587
1511 738
1511 1501
1512 1511
1513 523
1513 533
1513 534
1513 579
1513 588
1513 849
1513 1512
1514 526
1514 553
1514 739
1514 1493
1514 1513
1515 1514
1516 854
1516 1495
1516 1512
1517 207
1517 852
1517 1496
1517 1516
1518 1517
1519 68
1519 889
1519 907
1519 916
1519 966
1519 1188
1519 1198
1519 1477
1519 1481
1519 1499
1519 1508
1519 1517
1520 548
1520 551
1520 1511
1520 1514
1521 210
1521 1515
1521 1520
1522 1521
1523 848
1523 1483
1523 1489
1524 592
1524 1523
1525 1524
1526 1488
1527 733
1527 1524
1527 1526
1528 209
1528 1525
1528 1527
1529 1528
1530 70
1530 208
1530 211
1530 904
1530 944
1530 1186
1530 1439
1530 1464
1530 1468
1530 1519
1530 1522
1530 1529
1531 208
1531 212
1531 1530
1532 69
1532 71
1532 203
1532 890
1532 908
1532 914
1532 917
1532 924
1532 943
1532 967
1532 1185
1532 1189
1532 1196
1532 1438
1532 1463
1532 1467
1532 1478
1532 1482
1532 1500
1532 1509
1532 1518
1532 1521
1532 1528
1532 1531
1533 568
1533 573
1533 723
1533 732
1533 845
1533 1206
1534 49
1534 569
1534 1533
1535 572
1535 1534
1536 1535
1537 50
1537 569
1537 1533
1538 928
1538 1535
1538 1537
1539 722
1539 731
1539 1205
1540 573
1540 1539
1541 1540
1542 1537
1542 1541
1543 51
1543 560
1543 1534
1543 1540
1544 1543
1545 1536
1545 1544
