1 0
3 2
4 3
5 4
6 5
7 6
8 7
9 8
10 9
11 10
12 9
13 12
14 13
15 14
16 7
17 16
18 17
19 5
20 19
21 20
22 3
23 22
24 23
25 10
25 16
25 19
25 24
26 2
27 26
28 22
28 27
29 28
30 29
31 29
32 31
33 29
34 33
35 28
36 28
38 37
39 38
40 39
41 38
42 41
43 41
44 43
45 43
46 45
47 46
48 45
49 37
51 50
52 50
53 52
54 53
55 51
55 54
56 53
57 51
57 56
58 57
59 58
60 57
61 60
62 58
62 61
63 62
65 64
66 65
68 67
69 68
70 69
71 68
72 71
74 73
75 74
76 75
77 76
80 79
81 80
82 81
83 82
84 81
85 83
85 84
86 82
86 84
87 86
88 87
89 79
90 89
92 91
93 92
94 44
94 93
95 93
96 95
97 96
98 92
99 98
100 98
102 101
103 102
104 66
104 69
104 76
104 85
104 103
105 3
105 72
105 96
105 104
106 56
106 105
107 106
108 107
109 107
110 109
111 107
112 78
112 111
113 106
114 1
114 113
115 112
115 114
116 49
116 105
117 116
118 116
119 118
120 118
121 118
122 116
123 64
123 67
123 73
123 91
123 101
125 116
125 124
127 126
128 127
129 126
131 130
132 117
132 130
133 132
135 134
136 134
137 8
137 19
137 121
137 136
138 136
139 23
139 132
139 138
141 140
142 117
142 140
144 143
145 117
145 143
146 125
146 133
146 145
147 122
147 127
147 142
147 145
148 6
148 121
148 139
148 142
148 145
150 117
150 149
151 121
151 125
151 136
151 150
153 107
153 152
155 119
155 154
156 120
156 155
157 132
157 147
157 151
157 156
158 157
159 42
159 158
160 158
162 161
163 161
164 163
165 108
165 164
166 12
166 16
166 19
166 24
166 115
166 165
167 122
167 127
167 165
169 106
169 168
170 169
171 110
171 122
171 125
171 128
171 150
171 170
173 172
174 173
175 114
175 173
176 18
176 24
176 109
176 142
176 150
176 175
177 20
177 108
177 156
177 163
177 171
177 173
179 106
179 178
180 11
180 147
180 153
180 174
180 179
181 109
181 180
182 151
182 181
183 170
183 182
184 17
184 112
184 146
184 156
184 179
185 28
185 176
185 184
186 169
186 173
186 179
187 109
187 165
187 186
188 25
188 156
188 187
189 188
190 35
190 189
191 188
193 113
193 192
194 137
194 153
194 169
194 193
195 167
195 176
195 184
195 194
196 195
197 196
198 69
198 197
199 33
199 68
199 195
200 70
200 71
200 199
201 200
202 201
203 202
204 203
205 204
206 203
207 172
207 205
207 206
208 202
209 129
209 208
210 201
211 200
212 211
213 211
214 167
214 185
214 194
215 214
216 214
217 74
217 216
218 217
219 94
219 218
220 217
221 220
222 220
223 222
224 222
225 224
226 225
227 222
228 227
229 227
230 229
231 229
232 144
232 223
232 225
232 231
233 223
233 226
233 230
233 231
234 233
235 112
235 114
235 153
235 193
236 13
236 132
236 147
236 151
236 191
236 235
237 14
237 190
237 236
238 15
238 30
238 189
238 236
239 238
240 239
241 240
242 241
243 242
244 242
245 242
246 245
247 243
247 244
247 246
248 246
249 243
249 244
249 248
250 249
251 249
252 251
253 251
254 253
255 249
256 255
257 256
258 254
258 257
259 250
259 253
259 257
260 99
260 259
261 260
262 261
263 78
263 262
264 260
265 213
265 264
266 256
267 100
267 241
268 240
269 268
270 269
271 187
271 235
272 271
273 58
273 61
273 272
274 4
274 24
274 157
274 271
275 158
275 272
275 274
276 177
276 179
276 235
277 21
277 35
277 276
278 148
278 277
279 21
279 148
279 276
280 35
280 279
281 279
282 36
282 281
283 102
283 280
283 282
284 283
285 284
286 285
287 218
287 284
288 63
288 287
289 283
290 88
290 94
290 250
290 257
290 289
291 62
291 289
292 291
293 292
294 291
295 294
296 281
297 36
297 296
298 103
298 280
298 297
299 278
299 298
300 299
301 11
301 120
301 193
302 133
302 155
302 301
303 29
303 151
303 302
304 166
304 170
304 181
304 303
305 66
305 304
306 237
306 305
307 304
308 65
308 307
309 308
310 309
311 310
312 310
313 210
313 312
314 22
314 90
314 123
314 160
314 267
314 273
314 274
314 286
314 313
315 309
316 219
316 269
316 315
317 131
317 316
318 308
319 318
320 319
321 320
322 321
323 318
324 135
324 323
325 166
325 302
326 183
326 325
327 326
328 31
328 327
329 97
329 216
329 239
329 280
329 282
329 299
329 306
329 307
329 328
330 328
331 330
332 80
332 331
333 261
333 295
333 332
334 332
335 234
335 334
336 86
336 95
336 245
336 331
337 244
337 336
338 47
338 48
338 337
339 46
339 141
339 337
340 330
341 340
342 341
343 254
343 266
343 290
343 342
344 343
345 343
346 87
346 340
347 294
347 346
348 347
349 178
349 347
350 32
350 85
350 326
351 100
351 192
351 321
