0 69
0 105
0 142
0 212
0 275
0 291
0 307
0 332
0 345
0 392
0 421
1 531
1 552
1 582
1 625
1 679
1 701
1 731
1 747
2 68
2 89
2 104
2 124
2 141
2 211
2 229
2 274
2 290
2 306
2 331
2 344
2 402
2 405
4 3
6 3
6 5
7 6
8 5
10 9
11 10
12 10
13 12
14 12
15 11
15 13
15 14
16 3
16 15
18 17
19 18
20 4
20 6
20 19
21 13
21 20
22 17
23 14
23 20
23 22
24 17
25 24
26 9
26 18
26 22
26 25
27 26
28 27
29 26
30 29
31 6
31 30
32 31
33 32
34 31
35 34
36 35
37 36
38 37
39 38
40 39
41 39
42 37
43 37
44 35
45 44
46 44
47 44
48 47
49 47
50 47
51 44
52 51
53 51
54 51
55 34
56 55
57 55
58 56
58 57
59 34
60 59
61 60
62 60
63 60
64 59
65 64
66 64
67 64
68 59
69 59
70 7
70 28
71 70
72 71
73 72
74 73
75 74
76 75
77 75
78 77
79 78
80 74
81 74
82 71
83 82
84 83
85 83
86 83
87 82
88 87
89 82
90 71
91 90
92 90
93 91
93 92
94 71
95 94
96 95
97 95
98 63
98 97
99 95
100 94
101 100
102 100
103 100
104 94
105 94
106 70
107 70
108 7
108 28
109 108
110 108
111 110
112 111
113 112
114 113
115 113
116 110
117 116
118 117
119 117
120 117
121 116
122 121
123 121
124 116
125 110
126 125
127 125
128 126
128 127
129 128
130 110
131 130
132 131
133 131
134 61
134 99
134 133
135 131
136 66
136 96
136 135
137 130
138 137
139 137
140 137
141 130
142 130
143 108
144 143
145 143
146 145
147 144
147 146
148 7
148 27
149 148
150 149
151 150
152 151
153 151
154 153
155 150
156 155
157 155
158 156
158 157
159 149
160 106
160 109
160 159
161 160
162 159
163 109
163 147
163 162
164 163
165 164
166 163
167 163
168 167
169 168
170 168
171 153
171 170
172 152
172 164
172 169
172 171
173 166
173 172
174 173
175 174
176 173
177 175
177 176
178 129
178 175
178 176
179 178
180 165
180 166
180 169
180 171
181 180
182 181
183 166
183 167
184 152
184 165
184 183
185 106
185 145
185 162
186 107
186 144
186 185
187 186
188 187
189 182
189 184
189 187
190 189
191 189
192 190
192 191
193 93
193 192
194 193
195 184
195 186
196 33
196 195
197 196
198 196
199 197
199 198
200 58
200 199
201 200
202 148
203 202
204 203
205 203
206 203
207 206
208 206
209 206
210 203
211 210
212 82
212 210
213 210
214 202
215 36
215 73
215 112
215 214
216 214
217 216
218 38
218 75
218 114
218 217
219 216
220 42
220 80
220 115
220 218
220 219
221 42
221 43
221 80
221 81
221 113
221 216
222 202
223 222
224 222
225 222
226 225
227 222
228 227
229 227
230 227
231 202
232 231
233 232
234 232
235 233
235 234
236 158
236 235
237 236
238 55
238 90
238 125
238 215
238 232
239 6
239 29
240 239
241 240
242 240
243 240
244 243
245 239
246 245
247 246
248 246
249 248
250 248
251 248
252 251
253 251
254 251
255 50
255 228
255 254
256 248
257 256
258 256
259 256
260 245
261 260
262 260
263 261
263 262
264 245
265 264
266 265
267 265
268 102
268 132
268 267
269 265
270 264
271 270
272 270
273 270
274 264
275 116
275 264
276 7
276 30
277 276
278 276
279 278
280 279
281 278
282 281
283 282
284 282
285 282
286 281
287 286
288 286
289 286
290 281
291 281
292 278
293 292
294 292
295 293
295 294
296 278
297 296
298 297
299 297
300 65
300 139
300 205
300 269
300 299
301 297
302 296
303 302
304 302
305 87
305 302
306 296
307 225
307 296
308 276
309 308
310 309
311 310
312 310
313 311
313 312
314 21
314 22
314 24
315 314
316 315
317 316
318 247
318 280
318 317
319 315
320 315
321 320
322 321
323 321
324 321
325 320
326 325
327 85
327 120
327 224
327 326
328 325
329 283
329 328
330 325
331 320
332 320
333 315
334 333
335 60
335 95
335 131
335 265
335 297
335 334
336 334
337 334
338 67
338 101
338 266
338 301
338 337
339 334
340 333
341 340
342 340
343 121
343 340
344 333
345 333
346 314
347 346
348 314
349 348
350 23
350 25
351 350
352 32
352 72
352 111
352 240
352 279
352 316
352 346
352 351
353 351
354 353
355 354
356 354
357 353
358 355
358 357
359 351
360 359
361 346
361 349
361 360
362 361
363 362
364 362
365 361
366 365
367 363
367 366
368 363
368 366
369 363
369 366
370 365
371 277
371 347
371 348
371 360
372 371
373 371
374 372
374 373
375 313
375 374
376 375
377 311
377 312
377 372
377 373
378 160
378 347
378 359
379 350
380 34
380 231
380 245
380 352
380 379
381 277
381 378
381 380
382 381
383 379
384 383
385 83
385 117
385 282
385 321
385 384
386 51
386 227
386 256
386 385
387 384
388 61
388 84
388 96
388 118
388 132
388 205
388 224
388 266
388 283
388 298
388 322
388 336
388 387
389 284
389 324
389 387
390 384
391 390
392 390
393 390
394 384
395 394
396 395
397 285
397 322
397 396
398 66
398 88
398 102
398 123
398 139
398 223
398 272
398 288
398 304
398 328
398 342
398 396
399 395
400 119
400 288
400 399
401 394
402 394
403 383
404 403
405 46
405 250
405 404
406 87
406 403
407 65
407 101
407 122
407 138
407 204
407 255
407 271
407 287
407 303
407 326
407 341
407 399
407 406
408 403
409 408
410 49
410 213
410 253
410 398
410 409
411 225
411 408
412 48
412 209
412 252
412 401
412 411
413 67
413 103
413 140
413 273
413 289
413 305
413 330
413 343
413 412
414 413
415 403
416 415
417 416
418 63
418 86
418 99
418 120
418 135
418 269
418 285
418 301
418 324
418 339
418 417
419 52
419 208
419 230
419 257
419 393
419 418
420 416
421 45
421 249
421 420
422 0
422 410
422 419
423 416
424 85
424 97
424 119
424 133
424 267
424 284
424 299
424 337
424 423
425 53
425 62
425 207
425 226
425 258
425 323
425 391
425 424
426 0
426 2
426 410
426 413
426 425
427 103
427 138
427 272
427 298
427 339
427 423
428 415
429 54
429 259
429 388
429 428
430 2
430 407
430 410
430 413
430 419
430 429
431 0
431 425
431 430
432 419
432 426
432 429
433 210
433 335
433 415
434 379
435 238
435 318
435 434
436 434
437 215
437 436
438 318
438 386
438 433
438 437
439 438
440 379
441 260
441 292
441 319
441 435
441 440
442 350
443 350
444 309
444 443
445 347
445 348
445 360
445 444
446 445
447 446
448 443
449 448
450 448
451 449
451 450
452 451
453 355
453 357
453 452
454 453
455 454
456 356
456 357
456 449
456 450
457 456
458 440
458 457
459 458
461 460
463 462
465 464
466 465
467 466
468 466
469 466
470 79
470 469
471 464
472 471
473 472
474 473
475 474
476 474
477 473
478 477
479 445
479 476
479 478
480 479
481 463
481 480
482 462
482 479
483 482
484 483
485 484
486 485
487 486
488 456
488 476
488 478
489 488
490 364
490 370
490 489
491 490
492 377
492 491
493 492
494 492
495 487
495 494
496 490
497 488
498 475
498 477
499 475
499 477
500 499
501 500
502 501
503 500
504 503
505 500
506 504
506 505
507 447
507 506
508 461
508 481
508 507
509 458
509 483
509 508
510 509
511 459
511 510
512 510
513 510
514 482
514 509
515 513
515 514
516 482
516 509
517 511
517 514
517 516
518 517
519 518
520 518
521 517
522 517
523 84
523 123
523 289
523 434
523 467
523 522
524 517
525 512
525 515
525 516
526 525
527 526
528 526
529 528
530 525
531 525
532 505
533 503
533 532
534 455
534 533
535 241
535 244
535 534
536 242
536 369
536 376
536 493
536 535
537 536
538 536
539 261
539 262
539 508
539 537
539 538
540 495
540 539
541 540
542 540
543 539
544 543
545 543
546 541
546 545
547 542
547 544
547 546
548 547
549 548
550 548
551 547
552 547
553 537
553 538
554 263
554 553
555 554
556 543
556 555
557 540
557 556
558 557
559 557
560 559
561 560
562 557
563 557
564 534
565 369
565 377
565 491
565 564
566 565
567 565
568 293
568 294
568 487
568 508
568 566
568 567
569 486
569 496
569 568
570 569
571 569
572 568
573 572
574 572
575 570
575 574
576 571
576 573
576 575
577 576
578 577
579 550
579 578
580 577
581 576
582 576
583 566
583 567
584 295
584 583
585 584
586 572
586 585
587 569
587 586
588 587
589 587
590 587
591 587
592 370
592 534
593 364
593 489
593 592
594 319
594 593
595 594
596 485
596 508
596 594
597 484
597 497
597 596
598 597
599 597
600 596
601 595
601 600
602 597
602 601
603 602
604 603
605 86
605 118
605 223
605 250
605 287
605 330
605 604
606 603
607 602
608 602
609 602
610 524
610 561
610 588
610 609
611 600
612 600
613 598
613 612
614 599
614 611
614 613
615 614
616 615
617 580
617 616
618 527
618 549
618 578
618 616
619 526
619 548
619 577
619 615
620 618
620 619
621 620
622 615
623 527
623 622
624 614
625 614
626 464
628 627
629 41
629 628
630 627
631 107
631 143
631 161
631 162
631 308
631 348
631 380
631 443
631 628
631 630
632 79
632 81
632 630
633 627
634 161
634 633
635 107
635 146
635 241
635 634
636 242
636 244
636 369
636 376
636 635
637 507
637 534
637 636
638 637
639 638
640 639
641 640
642 639
643 642
644 637
645 461
645 644
646 56
646 57
646 197
646 198
646 645
647 646
648 201
648 647
649 647
650 647
651 154
651 496
651 644
652 33
652 446
652 454
652 636
653 243
653 480
653 493
653 635
654 242
654 653
655 463
655 654
656 655
657 656
658 657
659 658
660 659
661 182
661 188
661 660
662 646
662 661
663 648
663 662
664 663
665 140
665 204
665 304
665 336
665 417
665 632
665 664
666 663
667 666
668 663
669 663
670 662
671 641
671 650
671 670
672 662
673 643
673 649
673 671
673 672
674 673
675 674
676 675
677 674
678 673
679 673
680 91
680 92
680 190
680 191
680 645
680 660
681 680
682 194
682 681
683 681
684 681
685 181
685 659
685 680
686 682
686 685
687 686
688 686
689 589
689 688
690 686
691 686
692 685
693 641
693 684
693 692
694 685
695 643
695 683
695 693
695 694
696 695
697 696
698 677
698 697
699 696
700 695
701 695
702 126
702 127
702 176
702 645
702 658
703 174
703 702
704 703
705 179
705 704
706 704
707 704
708 154
708 657
708 703
709 705
709 708
710 709
711 710
712 604
712 711
713 710
714 709
715 709
716 709
717 708
718 431
718 541
718 570
718 598
718 640
718 670
718 692
718 717
719 641
719 707
719 717
720 708
721 439
721 542
721 571
721 599
721 672
721 694
721 720
722 643
722 706
722 719
722 720
723 722
724 723
725 675
725 697
725 724
726 725
727 674
727 696
727 723
728 408
728 436
728 726
728 727
729 723
730 722
731 722
732 156
732 157
732 233
732 234
732 645
732 656
733 732
734 237
734 733
735 733
736 733
737 655
737 732
738 641
738 736
738 737
739 655
739 732
740 643
740 735
740 738
740 739
741 740
742 741
743 530
743 551
743 581
743 624
743 678
743 700
743 730
743 742
744 741
745 528
745 550
745 580
745 622
745 677
745 699
745 729
745 744
746 618
746 745
747 740
748 740
749 620
749 748
750 1
750 725
750 743
750 746
750 748
751 750
752 740
753 726
753 727
753 749
753 752
754 76
754 753
755 734
755 737
755 739
756 755
757 756
758 519
758 606
758 713
758 757
759 562
759 590
759 668
759 690
759 758
760 756
761 520
761 560
761 607
761 667
761 689
761 714
761 760
762 610
762 761
763 632
763 760
764 755
765 521
765 563
765 591
765 669
765 691
765 712
765 764
766 755
767 305
767 341
767 404
767 766
768 522
768 558
768 608
768 664
768 715
768 766
769 755
770 687
770 716
770 769
771 667
771 770
772 759
772 762
772 765
772 771
773 772
774 220
774 433
774 743
774 745
774 759
774 773
775 689
775 768
775 771
776 610
776 775
777 771
778 179
778 180
778 188
778 194
778 201
778 237
778 494
778 555
778 585
778 638
778 651
778 654
779 497
779 778
780 459
780 595
780 779
782 781
783 729
783 782
784 782
785 220
785 221
785 631
785 782
786 781
787 786
788 787
789 788
790 788
791 788
792 788
793 787
794 793
795 793
796 793
797 793
798 626
798 786
799 785
799 786
800 471
800 799
801 465
801 800
802 621
802 630
802 633
802 773
802 777
802 780
802 801
803 382
803 431
803 432
803 773
803 776
803 780
803 799
804 781
805 471
805 798
805 804
806 438
806 750
806 772
806 805
807 629
807 804
808 807
809 79
809 88
809 420
809 469
809 519
809 608
809 808
811 76
811 810
812 811
813 549
813 744
813 812
814 811
815 217
815 810
816 815
817 699
817 724
817 816
818 815
819 43
820 819
821 45
821 271
821 342
821 688
821 713
821 820
823 520
823 822
824 46
824 343
824 406
824 470
824 558
824 711
824 822
826 40
826 825
827 607
827 826
828 122
828 249
828 468
828 470
828 589
828 606
828 808
828 827
829 826
830 114
830 825
831 626
831 714
831 830
832 273
832 303
832 715
832 757
832 820
832 831
833 830
