384
77
532
407
51
262
458
312
628
251
110
81
456
592
563
489
67
229
437
476
424
541
112
309
7
511
61
636
393
551
24
443
54
90
514
318
626
66
404
55
526
552
325
248
175
555
159
216
614
412
23
561
127
548
153
352
363
242
420
553
475
41
587
291
57
439
507
102
167
74
278
499
289
68
225
130
596
121
143
501
405
413
345
403
231
136
559
26
524
234
92
106
271
267
111
597
253
385
279
290
217
223
517
226
213
39
613
566
520
268
324
625
305
581
355
329
399
387
490
452
483
119
69
522
146
222
1
391
179
113
84
351
141
157
201
17
246
481
392
572
37
313
202
82
173
575
259
497
219
240
188
204
293
568
224
295
473
432
266
372
485
378
184
571
292
337
603
545
9
71
544
282
205
503
482
180
347
488
22
346
151
307
438
530
53
190
150
519
453
631
322
612
381
496
310
634
59
108
120
187
467
500
428
124
492
284
361
2
380
145
109
480
358
161
306
189
139
177
140
383
170
434
105
78
601
287
494
606
487
42
502
516
436
529
8
45
340
564
269
353
43
49
283
149
366
168
471
36
375
232
186
546
335
239
103
258
210
230
274
608
527
362
396
126
70
50
441
598
260
360
29
401
605
342
237
60
560
18
275
588
448
374
264
390
115
297
197
585
280
277
408
332
4
451
96
122
10
52
76
46
265
328
129
578
192
515
491
632
155
498
562
64
557
537
101
534
211
252
595
142
11
567
193
195
323
99
334
98
38
538
590
513
600
178
547
570
577
148
65
348
200
165
128
244
191
303
118
518
509
635
336
394
133
484
446
44
116
411
536
523
166
398
182
58
281
469
573
319
300
218
594
416
377
415
584
311
30
233
104
610
93
241
457
185
3
228
528
320
304
288
299
525
531
419
247
370
357
40
455
162
207
56
574
368
461
117
465
540
221
160
276
194
198
430
435
615
376
618
152
243
565
83
422
15
94
554
449
235
550
302
583
369
617
409
454
350
425
73
464
620
414
154
134
294
86
580
468
163
327
236
504
203
100
75
32
21
301
450
406
6
367
91
431
13
341
25
16
427
28
326
245
359
479
138
445
495
212
624
317
171
402
440
158
19
135
206
316
558
622
80
308
447
107
472
535
331
579
238
196
576
5
599
343
510
125
257
256
156
272
88
214
470
506
477
459
298
164
543
539
137
478
176
582
521
85
611
97
296
418
339
270
62
87
95
344
12
505
169
388
460
286
273
463
114
330
227
616
382
417
63
208
314
433
31
442
35
627
633
209
249
261
423
586
132
508
619
549
315
220
263
321
47
621
474
607
629
199
338
630
20
386
486
466
14
365
72
421
48
79
371
400
255
397
373
349
89
33
637
593
147
609
354
285
364
379
254
429
493
131
215
591
542
183
144
512
556
426
34
395
389
356
410
0
27
123
462
444
172
250
181
602
174
569
333
589
533
604
623
