384 383
77 75
532 531
407 365
51 49
262 259
458 457
312 311
628 626
628 611
110 90
81 80
456 415
456 455
592 586
563 499
489 476
489 483
67 65
229 228
437 436
476 475
424 419
424 370
541 531
112 66
112 111
309 305
309 308
7 6
511 453
511 376
511 510
511 270
61 51
61 54
61 36
61 60
61 46
61 38
61 44
61 33
636 226
636 633
636 0
393 392
393 388
551 86
551 95
551 549
24 22
443 440
54 52
90 30
90 63
514 513
318 275
626 625
66 65
404 403
526 525
552 521
325 324
175 175
555 511
555 506
555 508
216 216
614 613
614 488
614 487
412 411
23 22
561 499
548 524
352 307
352 304
352 349
363 320
242 241
420 419
553 552
475 472
41 41
587 586
291 290
291 266
291 270
57 53
57 42
57 50
57 40
57 56
57 32
57 35
439 436
507 500
102 100
167 166
74 73
278 276
289 288
68 67
225 224
596 570
121 120
143 139
143 142
501 500
405 403
413 385
413 411
345 344
403 345
403 346
403 402
403 389
559 558
26 25
524 523
92 90
106 96
271 269
267 265
111 30
111 63
597 596
597 39
597 70
597 360
253 252
385 329
385 378
385 327
385 379
279 278
290 289
217 216
223 220
517 516
517 515
226 225
213 212
39 38
613 612
566 565
520 518
268 265
324 290
324 322
324 294
625 624
305 304
581 74
581 580
581 445
355 353
329 292
329 328
399 398
387 381
387 386
387 371
387 373
490 483
490 482
490 441
490 474
452 451
483 480
119 117
69 67
522 521
146 144
222 221
1 407
1 229
1 561
1 242
1 167
1 213
1 179
1 157
1 202
1 173
1 219
1 151
1 496
1 145
1 189
1 232
1 274
1 362
1 193
1 195
1 148
1 165
1 319
1 207
1 221
1 160
1 198
1 235
1 154
1 245
1 447
1 256
1 176
1 227
1 209
1 249
1 263
1 183
391 390
179 178
113 62
84 71
351 348
351 350
141 136
157 156
17 16
246 245
481 480
392 391
392 344
572 571
572 317
572 88
313 310
202 201
82 73
173 172
575 574
497 450
219 216
240 239
188 186
293 289
568 566
295 294
473 472
473 442
432 409
266 265
372 366
485 443
485 481
485 484
378 377
184 182
571 570
292 290
337 335
337 286
603 563
603 461
603 422
545 525
71 69
544 529
282 278
205 204
503 502
482 475
482 481
482 479
180 178
347 342
488 485
346 343
151 150
307 300
438 437
438 106
530 529
53 52
519 110
519 68
519 518
519 316
519 314
453 289
453 452
453 266
453 322
453 410
631 555
631 439
631 405
631 355
631 313
631 503
631 492
631 361
631 446
631 617
631 495
631 622
631 630
631 400
322 321
612 501
612 606
612 608
612 464
381 380
496 450
310 307
310 303
634 633
59 58
108 92
187 186
467 428
467 416
467 466
500 499
428 427
492 490
284 283
361 359
380 378
380 379
145 144
109 108
480 471
480 478
358 349
161 159
306 305
189 188
139 121
139 115
139 128
139 118
139 134
139 138
139 125
139 131
177 175
140 61
140 2
140 139
140 29
140 58
383 382
170 169
434 385
434 432
434 383
434 431
434 417
105 98
78 77
601 91
601 599
287 276
494 493
606 559
606 605
606 560
487 486
42 41
502 501
502 372
502 340
502 277
502 468
502 433
516 512
436 396
436 435
436 395
529 525
8 6
340 321
564 563
564 271
564 460
269 259
269 264
353 309
353 352
353 348
353 350
43 41
283 271
283 267
283 282
149 147
366 365
168 166
471 470
36 34
375 365
232 231
546 246
546 545
546 446
335 332
335 334
239 237
103 102
258 257
210 209
230 228
274 264
608 467
608 457
608 558
608 604
527 526
527 405
362 320
396 393
126 124
70 69
50 49
441 440
598 596
598 357
260 259
360 359
29 7
29 23
29 26
29 17
29 4
29 10
29 28
29 20
29 14
401 397
605 604
342 329
342 336
342 327
342 341
342 338
60 55
560 558
18 16
588 587
588 82
588 494
448 408
374 366
390 387
115 114
297 296
585 584
585 582
280 267
280 279
277 276
332 331
4 3
451 450
96 94
122 121
10 9
76 75
46 45
265 264
328 297
328 326
328 298
129 127
578 404
578 577
578 85
192 191
515 513
491 490
632 630
155 153
498 450
562 253
562 1
562 240
64 63
557 412
557 510
537 535
101 100
534 531
211 208
252 251
595 574
142 119
142 141
142 126
142 129
142 116
142 135
142 132
142 123
11 9
567 566
193 190
195 194
323 322
99 98
334 333
98 96
38 37
538 531
590 586
513 512
600 599
600 89
547 439
547 84
547 545
547 99
547 48
570 568
577 576
148 147
65 64
348 347
200 197
165 164
128 127
191 190
303 302
118 117
518 517
509 504
509 508
635 634
635 140
635 564
336 335
394 393
133 133
484 476
484 483
484 442
484 474
446 444
44 43
116 114
411 410
536 535
523 522
398 345
398 346
398 397
398 389
58 57
58 48
281 279
469 458
469 468
573 312
573 571
573 93
319 275
300 292
300 277
300 281
300 299
300 296
300 285
218 217
594 585
416 415
377 376
377 330
415 414
415 379
584 576
311 310
30 29
233 231
104 100
610 609
93 92
457 456
185 184
3 3
528 526
528 107
528 72
528 400
304 301
288 275
299 298
299 286
525 524
531 529
419 409
247 244
370 367
357 356
40 37
455 412
455 454
207 206
56 55
574 570
368 332
368 367
461 459
465 464
540 539
221 220
160 159
276 275
198 197
430 339
430 371
430 429
435 434
615 614
376 375
618 534
618 617
618 533
152 150
243 241
565 502
565 564
83 82
422 421
15 13
94 92
554 521
449 408
235 234
550 240
550 361
550 549
302 301
583 582
369 368
369 333
617 614
409 408
454 452
350 349
425 424
425 368
425 333
73 71
464 463
620 619
414 377
414 410
154 153
134 133
294 293
294 266
294 270
86 67
580 576
468 451
163 162
327 326
236 234
504 503
203 201
100 98
75 73
32 31
21 19
301 300
406 365
367 366
91 90
431 411
431 416
431 430
431 427
341 340
427 426
28 24
28 8
28 18
28 15
28 21
28 5
28 12
28 27
326 325
326 323
245 244
359 309
359 352
359 358
359 348
479 478
138 137
445 444
495 493
624 612
624 486
624 609
317 315
171 77
171 169
402 401
440 394
440 435
158 156
135 133
206 204
316 315
558 557
558 415
558 454
622 619
80 75
308 307
447 408
107 94
472 470
535 534
331 321
579 399
579 577
579 97
238 237
196 194
576 574
5 3
599 565
343 306
343 342
343 308
510 499
125 124
257 255
256 255
272 271
88 87
214 213
470 467
470 469
470 463
506 262
506 363
506 268
506 497
506 287
506 448
506 374
506 505
477 470
459 451
298 295
164 162
543 541
543 492
543 105
543 76
543 83
539 537
539 538
137 136
478 477
176 175
582 580
521 517
85 69
611 609
97 96
296 291
296 295
418 384
418 413
418 417
339 336
339 338
270 269
62 61
87 65
95 94
344 343
12 11
505 500
169 168
388 387
460 278
460 267
460 419
460 367
460 331
460 459
286 284
273 264
463 462
330 324
330 323
227 224
616 590
616 615
616 79
382 381
417 415
63 59
63 62
314 313
433 432
442 441
35 34
627 626
627 611
627 593
633 555
633 502
633 562
633 602
209 208
249 248
261 260
423 421
586 585
132 130
508 318
508 507
508 260
508 498
508 449
508 406
508 273
508 364
619 613
619 488
619 487
549 523
315 307
315 302
263 259
321 320
47 45
621 104
621 620
474 472
607 605
607 560
607 465
629 628
629 102
629 593
199 198
338 337
338 281
338 285
630 624
20 19
386 385
386 339
486 485
466 456
466 430
466 418
466 462
14 13
72 71
421 420
48 47
79 78
371 370
371 369
400 398
255 255
397 391
373 372
349 347
89 64
33 31
637 636
637 143
637 113
637 59
637 140
637 30
593 592
593 591
609 608
609 607
354 353
285 284
285 280
285 272
364 320
379 376
254 251
429 426
493 443
493 473
493 477
131 130
215 212
591 590
542 541
542 495
183 182
512 511
512 504
556 511
556 143
556 508
426 420
426 425
395 394
389 388
356 353
410 409
0 217
0 223
0 146
0 205
0 187
0 161
0 177
0 170
0 149
0 258
0 230
0 155
0 211
0 200
0 191
0 233
0 185
0 247
0 152
0 243
0 163
0 236
0 203
0 158
0 238
0 196
0 254
0 215
0 250
0 181
0 174
27 25
123 120
462 461
462 425
462 423
444 434
444 396
444 395
250 248
181 180
602 564
174 172
569 568
333 279
333 283
333 331
589 587
589 491
589 101
533 532
604 603
604 425
623 81
623 103
623 538
623 622
623 533
