17 380
106 164
212 232
377 384
497 537
158 199
361 387
230 259
367 406
309 323
455 516
250 269
11 371
286 299
427 469
329 347
498 538
385 414
394 426
528 54
283 297
169 204
468 523
103 158
213 234
536 62
129 184
367 375
323 333
137 188
148 194
351 363
289 300
37 384
450 514
184 212
163 201
104 161
235 261
423 460
501 539
247 267
294 303
407 439
466 522
360 0
389 421
202 221
267 339
75 307
544 70
393 425
375 377
440 495
14 379
30 375
162 201
231 259
530 56
380 397
199 219
303 319
513 545
363 368
251 269
123 181
297 309
428 471
362 7
346 361
217 243
543 69
285 298
525 51
1 368
111 175
362 382
141 190
260 292
396 471
449 512
201 220
459 518
302 317
527 53
220 249
33 382
382 402
354 364
31 375
336 344
215 239
377 383
144 192
277 290
451 514
377 385
489 533
2 368
238 263
204 252
361 399
26 374
392 463
84 121
77 309
415 447
366 380
343 359
29 375
361 9
403 435
192 216
460 519
307 319
80 113
405 489
35 383
12 378
117 178
121 180
203 221
521 47
86 124
414 446
248 268
512 545
427 468
109 171
384 412
419 453
366 15
333 341
365 25
75 318
443 500
376 381
500 539
331 351
291 301
334 357
160 200
27 374
4 369
402 483
312 328
239 263
18 381
215 238
174 207
369 376
381 398
360 383
313 328
244 266
205 253
21 372
300 313
257 281
228 258
116 178
355 364
421 456
514 40
507 542
350 363
301 315
92 137
404 487
260 276
221 250
340 352
409 497
176 208
34 383
167 203
25 373
522 48
360 36
324 334
376 379
102 157
416 511
433 481
485 531
539 65
378 386
299 311
381 401
168 204
195 217
487 532
364 24
367 16
366 378
490 534
118 179
263 295
480 529
382 404
379 392
438 491
445 505
524 50
420 455
353 367
132 186
203 251
367 410
214 236
417 449
367 414
39 385
366 22
182 211
245 266
474 526
81 115
72 312
24 373
76 320
310 325
232 260
518 44
516 42
3 369
146 193
183 211
259 287
193 216
491 534
125 182
259 273
216 241
483 530
361 391
296 321
535 61
236 262
139 189
179 209
210 229
135 187
180 228
225 256
136 188
391 423
413 445
363 383
373 377
374 377
280 296
429 473
470 524
362 400
200 248
366 27
196 218
261 294
266 338
493 535
178 226
537 63
365 405
91 135
157 198
337 346
380 396
417 513
217 242
397 429
385 415
15 379
523 49
243 265
197 245
360 38
209 227
198 246
209 226
6 370
367 18
529 55
73 314
114 177
319 331
360 3
264 336
142 191
156 198
194 217
541 67
407 493
99 150
365 13
233 260
229 258
268 340
362 392
301 305
499 538
420 454
187 235
453 515
436 486
410 499
222 252
345 360
366 404
422 459
152 196
88 129
338 349
113 176
253 270
9 371
237 262
511 544
91 134
194 242
287 299
384 413
383 407
171 205
16 380
10 371
347 361
262 277
22 372
442 499
85 123
360 371
211 231
307 318
387 419
293 302
425 464
447 508
325 334
472 525
361 384
98 148
419 452
101 154
223 254
360 6
258 285
185 233
331 339
334 342
395 469
204 222
321 332
218 244
386 418
153 196
362 396
363 8
447 509
138 189
208 224
442 498
269 354
506 542
475 526
444 503
454 516
362 39
189 237
404 436
473 525
542 68
20 372
240 264
363 385
363 401
308 321
336 345
365 372
92 136
416 448
191 215
188 214
362 10
431 477
149 194
105 163
322 333
86 125
5 369
161 200
367 20
119 179
469 523
256 272
317 330
303 307
383 408
367 26
361 4
134 187
533 59
263 291
302 306
210 228
494 536
333 355
241 264
364 14
177 225
262 290
99 151
411 501
110 172
492 535
367 402
448 510
342 357
382 405
78 324
257 286
122 181
175 207
517 43
220 248
112 176
19 381
361 1
266 348
379 391
365 28
7 370
83 119
476 527
110 173
392 424
85 122
531 57
90 133
365 17
314 329
365 381
234 261
290 301
97 147
430 475
292 302
261 276
192 240
300 304
380 394
73 305
440 494
434 482
128 184
95 143
74 306
147 193
362 384
364 411
341 354
28 374
93 138
200 220
443 501
477 527
166 203
358 365
367 23
387 453
505 541
262 278
502 540
366 412
363 37
428 470
275 286
364 29
368 376
363 397
278 292
408 440
452 515
127 183
274 285
328 336
268 352
221 251
258 282
484 531
461 519
361 385
365 413
186 213
219 247
305 315
377 382
179 227
464 521
478 528
426 467
32 382
467 522
435 484
456 517
270 356
481 529
211 230
111 174
296 308
188 236
339 351
390 422
515 41
446 506
534 60
412 444
311 326
383 409
409 441
130 185
23 373
348 362
224 256
503 540
259 283
342 356
120 180
396 428
508 543
256 274
457 517
406 438
271 343
349 362
344 360
173 206
371 376
343 358
367 379
360 398
458 518
38 385
258 274
252 270
94 141
435 485
540 66
366 30
364 21
183 231
81 114
131 185
365 31
8 370
361 395
361 32
335 359
425 465
154 197
415 509
13 378
263 279
316 330
363 389
382 403
519 45
370 376
360 386
424 462
272 281
159 199
463 520
495 536
364 403
526 52
362 35
364 12
366 408
101 155
108 168
190 215
320 332
277 291
398 430
98 149
449 513
376 378
297 323
362 388
298 310
341 355
388 455
309 322
0 368
72 304
255 271
335 343
400 479
465 521
364 415
36 384
318 331
207 255
273 283
126 183
242 265
444 502
227 257
181 229
482 530
172 206
206 223
378 388
360 390
256 280
79 326
256 284
363 33
389 457
479 528
327 335
329 337
360 382
107 166
311 327
545 71
284 298
339 350
361 370
510 544
249 268
282 297
357 366
96 145
356 366
439 492
332 340
306 316
170 205
89 130
140 190
432 479
364 407
133 186
189 214
143 191
326 335
372 377
418 451
206 254
381 399
399 477
462 520
413 505
261 289
486 532
520 46
538 64
340 353
276 288
87 127
471 524
304 312
376 380
391 461
367 378
254 271
257 275
269 341
193 241
364 381
262 293
124 182
330 349
260 288
219 246
378 387
145 192
151 195
366 19
100 153
279 295
441 497
390 459
401 481
446 507
281 296
496 537
246 267
315 329
165 202
265 346
82 116
295 303
226 257
288 300
385 416
384 411
509 543
439 493
115 177
532 58
363 393
362 369
150 195
365 379
399 431
365 417
155 197
164 202
359 365
381 400
423 461
488 533
352 367
197 218
379 393
437 488
363 5
406 491
364 374
366 373
504 541
384 410
202 250
214 237
180 210
