315
76
305
190
122
325
303
79
112
204
95
275
10
324
236
339
187
119
152
149
131
135
328
294
226
9
37
181
174
290
178
173
192
62
235
317
288
271
96
220
145
3
180
289
210
11
211
161
65
349
61
102
170
120
326
144
281
348
242
117
107
194
218
215
184
148
322
106
110
333
156
141
212
312
121
36
38
292
55
293
143
270
153
167
313
25
78
266
252
22
213
227
134
332
344
123
13
214
57
335
286
43
21
49
136
89
60
208
329
12
318
90
7
200
6
345
157
291
308
259
85
260
244
347
219
28
300
114
320
225
267
92
33
41
334
175
299
274
169
284
4
231
133
198
126
285
304
160
138
97
191
296
183
196
337
150
42
179
265
91
229
109
26
100
94
263
74
279
232
201
205
341
8
256
15
221
72
314
264
338
104
209
75
23
280
217
247
343
287
164
139
237
238
257
158
54
295
327
118
50
67
276
185
283
255
88
224
99
151
142
59
246
111
258
146
20
53
302
129
35
253
206
321
34
239
70
56
71
32
16
154
282
81
195
278
14
188
203
319
316
199
197
234
159
87
307
162
40
84
80
241
5
310
68
105
130
350
228
48
298
1
273
116
113
24
103
268
98
0
172
309
297
2
171
125
346
216
93
86
155
207
330
18
82
132
101
336
147
17
250
233
193
342
39
248
66
186
223
202
222
73
52
331
140
19
189
166
128
83
168
240
163
27
64
46
306
251
269
115
45
230
182
272
44
31
340
243
254
245
124
262
77
261
177
63
30
47
301
108
249
137
165
51
58
311
69
323
176
29
277
127
