315 313
315 205
315 297
76 75
305 304
190 189
122 119
325 324
303 302
79 78
204 201
95 94
275 273
10 8
324 323
236 232
339 275
339 334
339 336
187 20
187 14
187 186
119 118
152 151
152 53
152 98
149 148
135 134
135 21
135 26
328 326
328 327
328 77
294 293
294 217
226 225
9 8
37 34
181 107
181 179
174 173
174 160
174 163
290 289
178 177
173 106
173 171
192 152
192 9
192 191
192 128
192 163
62 61
235 233
317 316
288 287
271 265
96 95
96 60
96 68
220 152
220 191
220 109
220 108
145 143
180 179
289 288
289 222
210 209
210 58
11 10
211 210
161 22
161 160
161 109
161 108
65 64
349 289
349 348
349 259
349 97
61 59
102 101
170 169
120 119
326 325
144 143
281 280
348 291
348 260
348 225
348 209
348 321
348 207
242 40
242 240
107 106
194 193
218 210
215 214
184 133
184 126
184 109
184 23
184 113
184 155
184 182
148 147
322 321
106 98
106 52
110 93
333 332
333 73
156 134
156 104
156 139
156 155
141 141
212 211
312 307
121 120
36 35
38 37
292 55
292 291
55 54
293 292
143 141
270 266
167 166
313 299
25 3
78 75
266 265
252 181
252 220
22 11
22 20
22 16
213 212
227 226
134 133
134 126
134 130
134 128
332 323
344 246
344 340
123 117
13 12
214 213
335 333
286 126
286 191
286 15
286 155
43 42
21 20
49 48
89 88
60 59
208 178
208 192
208 184
208 160
208 27
208 115
329 328
329 294
329 270
329 111
329 241
329 82
329 250
329 249
329 51
12 10
318 317
318 229
318 86
90 88
7 5
200 198
6 5
345 344
345 80
157 156
291 287
308 307
259 255
259 258
85 84
260 257
244 242
347 345
219 218
28 27
300 299
300 297
320 161
320 319
320 165
225 223
267 266
267 50
41 33
334 333
175 174
175 155
175 168
299 298
274 273
169 168
284 204
284 281
284 283
4 3
231 230
133 131
133 100
198 197
126 122
126 99
126 125
285 281
285 283
304 302
160 106
160 159
138 102
138 137
97 96
97 90
97 74
97 56
191 190
191 107
296 295
183 152
183 173
183 170
183 133
183 15
183 130
183 115
183 182
196 193
196 29
337 334
337 274
337 336
150 148
265 110
265 261
91 87
229 227
109 106
109 69
26 25
26 4
100 99
94 93
263 262
74 72
279 278
232 231
232 91
201 197
205 204
341 264
341 340
8 7
256 253
15 14
221 220
221 134
221 104
221 139
221 17
72 71
314 313
314 206
314 297
264 110
264 263
264 80
338 337
104 102
209 208
75 71
23 20
280 279
280 277
217 212
247 181
247 174
247 220
247 169
343 112
343 342
343 243
287 161
287 286
287 183
287 27
287 165
164 113
164 128
164 163
139 116
139 137
237 236
238 237
257 135
257 12
257 256
158 38
158 157
295 292
327 324
118 117
50 48
67 64
276 275
185 184
283 282
255 19
255 254
88 87
224 223
99 41
99 98
151 149
151 150
151 142
151 146
142 141
59 58
246 243
246 245
111 65
111 57
111 92
111 54
111 84
258 95
258 257
146 145
20 7
53 52
302 300
35 34
253 252
253 139
253 105
253 176
206 205
321 320
321 30
34 33
239 236
56 55
71 70
32 31
16 13
154 153
282 280
81 79
81 80
195 194
195 68
278 276
14 13
188 187
203 202
319 286
319 183
316 315
316 314
316 39
199 198
197 196
197 67
234 233
87 85
307 306
40 39
80 78
241 240
5 4
310 309
310 301
68 67
105 104
130 100
130 129
350 305
350 312
350 308
350 267
350 189
228 227
48 43
298 296
1 0
273 50
273 272
116 113
116 115
113 112
113 101
24 4
103 102
268 267
98 97
98 24
98 63
172 171
172 168
309 308
309 304
297 296
2 1
171 167
125 120
125 123
346 211
346 345
216 215
216 200
93 92
86 85
155 100
155 154
207 196
330 328
330 259
18 17
82 70
132 131
101 99
336 335
147 141
17 16
250 156
250 247
233 232
193 192
193 160
193 185
193 115
193 177
342 341
39 37
248 247
66 64
186 181
186 26
186 19
186 176
223 221
223 188
223 18
202 201
222 187
222 221
222 18
73 72
52 51
331 149
331 326
331 327
331 142
331 234
140 136
19 16
128 100
128 127
83 82
168 167
240 86
240 230
163 107
163 162
27 26
46 35
46 45
306 300
251 6
251 157
251 250
251 248
269 219
269 199
269 268
115 114
115 99
45 44
230 226
182 181
272 271
44 43
31 30
340 79
340 322
243 242
254 135
254 253
254 14
254 17
245 244
124 123
262 261
77 76
261 260
177 173
177 138
177 23
177 130
177 168
177 108
63 61
30 26
47 44
301 300
108 107
108 2
249 49
249 248
137 136
165 164
165 103
165 137
51 42
58 57
311 264
311 310
323 322
176 11
176 175
29 28
277 276
127 127
