0 1
0 2
0 3
0 4
7 8
7 9
7 10
15 13
16 15
17 15
18 17
19 18
20 19
21 20
22 21
23 20
24 22
24 23
25 18
26 25
27 12
28 27
29 27
30 11
31 30
32 30
35 14
36 35
37 35
38 16
38 28
38 31
38 37
39 37
42 41
50 34
51 50
52 51
53 52
54 53
55 52
56 55
57 56
58 57
59 57
60 59
61 57
62 56
63 62
64 62
65 63
65 64
66 62
67 59
67 65
67 66
68 61
68 67
69 60
69 61
69 65
69 66
70 58
70 62
71 51
72 71
73 72
74 73
75 74
76 75
77 74
78 73
79 78
80 79
81 79
82 78
83 81
83 82
84 83
85 83
86 85
87 80
87 82
88 87
89 88
90 89
91 89
92 88
93 88
94 88
95 72
96 95
97 51
98 71
98 97
99 97
100 99
101 97
102 101
103 99
103 102
104 103
105 19
105 104
106 103
107 24
107 106
108 100
108 101
109 25
109 108
110 100
110 101
111 110
112 109
112 111
113 111
114 113
115 108
115 113
116 26
116 115
117 115
118 51
119 118
120 119
121 120
122 121
123 122
124 123
125 123
126 120
127 126
128 126
129 127
129 128
130 129
131 126
132 119
133 132
134 50
135 134
136 135
137 135
138 137
139 138
140 139
141 139
142 138
143 137
144 143
145 143
146 49
146 50
147 146
148 147
149 148
150 149
151 147
152 149
152 151
153 152
154 152
155 154
156 155
157 156
158 157
159 153
159 158
160 156
161 154
162 161
163 162
164 162
165 162
166 165
167 166
168 167
169 168
170 169
171 170
172 166
173 171
173 172
174 163
174 170
174 172
175 174
176 175
177 176
178 176
179 175
180 179
181 180
182 181
183 182
184 182
185 180
186 185
187 180
188 187
189 183
189 184
189 188
190 174
191 178
191 190
192 191
193 161
194 193
195 194
196 146
197 196
198 196
199 198
200 199
201 199
202 201
203 84
203 86
203 153
203 202
204 198
205 204
206 202
206 205
207 204
208 198
209 208
210 201
210 205
210 209
211 210
212 211
213 212
214 212
215 214
216 215
217 215
218 213
218 217
219 218
220 219
221 220
222 116
222 221
223 165
223 220
224 218
225 224
226 224
227 226
228 225
228 227
229 179
229 228
230 228
231 230
232 182
232 188
232 230
233 232
234 233
235 234
236 235
237 235
238 237
239 238
240 235
241 233
242 241
243 242
244 242
245 244
246 199
246 207
246 209
246 245
247 242
248 232
249 248
250 248
251 230
252 251
253 228
254 253
255 181
255 189
255 254
256 252
256 255
257 256
258 256
259 231
259 253
260 259
261 185
261 260
262 229
262 261
263 259
264 186
264 229
264 263
265 264
266 69
266 265
267 264
268 184
268 253
269 32
269 106
269 187
269 251
269 268
270 177
270 190
270 225
270 227
271 270
272 69
272 271
273 270
274 224
275 274
276 275
277 168
277 221
277 275
278 163
278 167
278 219
278 273
278 274
279 267
279 278
280 214
281 280
282 192
282 241
282 250
282 265
282 271
282 281
283 234
283 249
283 257
283 258
283 279
283 282
284 195
284 281
285 281
286 211
287 286
288 286
289 210
290 289
291 210
292 289
292 291
293 288
293 291
294 198
295 294
296 150
296 151
296 197
296 295
297 296
298 294
299 197
299 199
299 207
299 213
299 216
299 290
299 293
299 298
300 150
300 153
300 155
300 164
300 193
300 208
300 285
300 296
300 299
301 287
301 300
302 301
303 283
303 302
309 48
309 308
310 309
311 310
313 312
315 312
315 314
316 50
316 315
317 316
318 42
318 317
319 316
320 42
320 319
322 104
323 117
324 77
325 76
325 283
325 301
328 327
329 327
331 105
331 330
332 33
333 332
334 333
335 334
336 335
337 169
337 222
337 276
337 336
338 337
339 337
340 337
341 335
342 26
342 191
342 226
342 323
342 341
343 342
344 342
345 342
346 342
347 273
347 341
348 335
349 39
349 107
349 248
349 348
350 236
350 243
350 349
351 350
352 350
353 350
354 350
355 335
356 355
357 269
357 356
358 357
359 357
360 357
361 357
362 355
363 112
363 164
363 284
363 362
364 363
365 364
366 363
367 363
368 363
369 355
370 36
370 40
370 262
370 322
370 369
371 370
372 370
373 370
374 370
375 355
376 333
377 376
378 377
379 195
379 213
379 216
379 378
380 164
380 362
380 379
381 377
382 145
382 173
382 221
382 336
382 381
383 377
384 356
384 383
385 142
385 258
385 384
386 377
387 386
388 386
389 386
390 386
391 333
392 391
393 392
394 96
394 329
394 393
395 394
396 394
397 394
398 394
399 393
400 77
400 325
400 399
401 400
402 401
403 401
404 400
405 400
406 400
407 393
408 76
408 324
408 407
409 408
410 408
411 408
412 408
413 393
414 96
414 303
414 413
415 414
416 415
417 415
418 414
419 414
420 414
421 391
422 421
423 422
424 422
425 422
426 391
427 426
428 427
429 427
430 427
431 427
432 426
433 391
434 433
435 434
436 84
436 86
436 297
436 435
437 436
438 436
439 436
440 436
441 431
441 435
442 68
442 197
442 298
442 441
443 434
444 443
445 290
445 443
446 194
446 445
447 293
447 444
447 446
448 287
448 444
448 446
449 87
449 160
449 291
449 448
450 449
451 449
452 449
453 449
454 434
455 95
455 454
456 455
457 455
458 455
459 455
460 434
461 157
461 203
461 208
461 460
462 461
463 395
463 402
463 404
463 409
463 418
463 437
463 450
463 456
463 462
464 91
464 463
465 461
466 92
466 396
466 410
466 419
466 438
466 451
466 457
466 465
467 403
467 417
467 466
468 461
469 93
469 397
469 405
469 411
469 416
469 439
469 452
469 458
469 468
470 464
470 469
471 461
472 90
472 94
472 398
472 406
472 412
472 420
472 440
472 453
472 459
472 471
473 464
473 467
473 469
473 472
474 432
474 433
475 421
475 474
476 332
477 223
477 277
477 476
478 476
479 478
480 478
481 480
482 112
482 223
482 277
482 481
483 482
484 483
485 483
486 483
487 483
488 332
489 488
490 489
491 334
491 479
491 481
491 490
492 489
493 492
495 494
497 496
498 497
499 498
500 499
501 496
502 501
503 502
504 495
504 503
505 105
505 498
505 503
506 501
507 16
507 505
507 506
508 507
509 507
510 507
511 507
512 499
512 502
512 506
513 512
514 513
515 233
515 514
516 513
517 514
517 516
518 238
518 245
518 513
519 28
519 331
519 375
519 515
519 518
520 519
521 519
522 519
523 519
524 512
525 23
525 524
526 21
526 29
526 495
526 525
527 107
527 494
527 516
527 526
528 31
528 240
528 247
528 493
528 515
528 518
528 527
529 528
530 343
530 351
530 358
530 366
530 371
530 484
530 508
530 520
530 529
531 528
532 344
532 352
532 359
532 367
532 372
532 485
532 509
532 521
532 531
533 528
534 338
534 345
534 353
534 360
534 364
534 373
534 486
534 510
534 522
534 533
535 528
536 346
536 354
536 361
536 368
536 374
536 487
536 511
536 523
536 535
537 337
537 536
538 339
538 534
538 537
539 526
