1 0
3 2
5 4
7 6
8 7
9 7
10 1
10 3
10 5
10 9
11 10
13 12
15 14
16 15
18 17
20 19
21 13
21 16
21 18
21 20
23 22
25 24
27 26
29 28
30 23
30 25
30 27
30 29
32 31
34 33
35 33
37 36
38 36
39 38
40 39
41 37
41 40
43 42
44 32
44 35
44 37
44 41
44 43
45 44
46 10
46 21
46 30
46 44
47 46
48 47
49 46
50 49
51 50
53 52
54 52
55 54
56 53
56 55
57 53
57 56
59 58
61 60
63 62
64 57
64 59
64 61
64 63
65 64
66 64
68 67
69 67
70 69
71 68
71 70
73 72
75 74
76 74
77 76
78 75
78 77
80 79
81 79
82 68
82 71
82 73
82 78
82 81
84 83
86 85
88 87
89 87
91 90
92 84
92 86
92 89
92 91
93 92
95 94
96 95
98 97
100 99
102 101
103 96
103 98
103 100
103 102
104 82
104 103
105 15
105 104
106 3
106 25
106 35
106 48
106 49
106 64
106 92
106 105
107 106
108 107
109 108
110 109
111 107
112 106
113 112
114 113
115 114
116 66
116 92
116 104
117 116
118 10
118 45
118 78
118 100
118 117
119 30
119 117
120 11
120 44
120 73
120 98
120 117
121 116
122 10
122 45
122 53
122 56
122 68
122 71
122 96
122 121
123 21
123 84
123 119
123 122
124 123
125 124
126 124
127 123
128 127
129 128
130 127
131 130
132 21
132 121
133 30
133 61
133 89
133 118
133 132
134 133
135 134
136 135
137 88
137 136
138 134
139 133
140 139
141 128
141 140
142 141
143 142
144 143
145 142
146 141
147 146
148 143
148 147
149 146
150 140
151 30
151 59
151 86
151 120
151 132
152 151
153 152
154 153
155 153
156 152
157 156
158 156
159 155
159 158
160 158
161 151
162 161
163 162
164 161
165 164
166 163
166 165
167 166
168 139
168 167
169 168
170 168
171 170
172 164
173 162
173 172
174 173
175 11
175 44
175 81
175 102
175 121
176 21
176 63
176 91
176 119
176 175
177 176
178 177
179 178
180 179
181 180
182 179
183 130
183 182
184 183
185 163
185 165
185 182
186 185
187 41
187 185
188 177
189 188
190 188
191 190
192 176
193 1
193 13
193 23
193 32
193 48
193 49
193 65
193 93
193 104
194 193
195 194
196 193
197 196
198 197
199 198
200 198
201 200
202 201
203 199
203 202
204 198
205 204
206 204
207 206
208 201
208 207
209 206
210 196
211 103
212 5
212 18
212 27
212 37
212 41
212 47
212 50
212 65
212 82
212 92
212 211
213 212
214 213
215 212
216 215
217 216
218 216
219 218
220 217
220 219
221 217
221 219
222 203
222 207
222 209
222 221
223 222
224 222
225 113
225 221
226 225
227 225
228 20
228 29
228 43
228 47
228 51
228 64
228 93
228 103
229 8
229 82
229 228
230 229
231 230
232 230
233 229
234 233
235 180
235 234
236 233
237 112
237 236
238 237
239 238
240 239
241 239
242 241
243 99
243 240
243 242
244 97
244 154
244 238
245 237
246 199
246 208
246 236
247 246
248 246
249 248
250 101
250 189
250 191
