1 0
3 2
4 2
5 4
6 4
7 6
8 7
9 8
10 9
11 10
12 11
13 10
14 8
15 14
16 15
17 16
18 15
19 18
20 7
21 6
22 3
22 21
23 22
25 24
26 25
27 24
28 27
29 28
30 27
31 29
31 30
33 32
34 33
35 32
36 35
37 36
38 35
40 39
41 40
43 42
44 43
46 45
47 46
49 48
51 50
52 51
54 53
55 54
57 56
58 57
59 41
59 44
59 47
59 52
59 55
59 58
60 59
61 6
61 29
61 60
62 61
63 62
64 13
64 63
65 63
66 61
67 61
68 61
69 6
69 37
69 60
70 69
71 1
71 70
72 70
73 69
74 49
74 73
75 39
75 42
75 45
75 50
75 53
75 56
77 76
78 76
79 77
79 78
80 79
82 81
83 81
84 82
84 83
85 84
86 62
86 85
87 86
89 88
90 88
91 89
91 90
92 91
93 66
93 92
95 94
96 94
97 95
97 96
98 97
99 66
99 98
101 100
102 62
102 101
104 103
105 66
105 104
106 93
106 99
106 102
106 105
107 9
107 16
107 23
107 106
108 107
110 109
111 109
112 110
112 111
113 112
114 65
114 80
114 113
115 64
115 113
117 116
118 116
119 73
119 117
119 118
121 120
122 120
123 121
123 122
124 123
125 66
125 124
126 114
126 125
127 87
127 106
127 126
128 127
129 26
129 30
129 128
131 130
132 72
132 131
133 9
133 18
133 23
133 71
133 74
133 132
135 134
136 134
137 135
137 136
138 137
139 72
139 138
140 99
140 139
142 141
143 72
143 142
144 71
144 102
144 115
144 143
146 145
147 70
147 146
148 132
148 139
148 143
148 147
149 13
149 14
149 23
149 125
149 148
150 149
151 74
151 93
151 105
151 125
151 147
152 64
152 80
152 151
153 144
153 152
154 17
154 86
154 102
154 105
154 119
154 143
154 147
156 155
157 155
158 156
158 157
159 70
159 158
160 11
160 14
160 23
160 119
160 140
160 159
161 87
161 132
161 144
161 152
161 160
162 47
162 161
163 161
164 46
164 163
165 164
166 165
167 165
168 164
169 168
170 169
171 87
171 132
171 153
171 160
172 44
172 171
173 171
174 43
174 173
175 174
176 175
177 174
178 177
179 41
179 178
180 71
180 74
180 119
180 159
181 86
181 106
181 114
181 180
182 12
182 181
183 182
184 12
184 149
184 182
185 55
185 184
186 184
187 54
187 186
188 187
189 188
190 26
190 189
191 187
192 148
192 180
193 192
194 34
194 193
195 20
195 127
195 192
196 128
196 193
196 195
197 86
197 126
197 148
197 180
198 19
198 197
199 198
200 108
200 199
201 19
201 107
201 198
202 201
203 58
203 202
204 200
204 202
205 201
206 57
206 205
207 206
208 207
209 34
209 208
210 206
211 37
211 38
211 210
212 191
212 211
213 212
214 212
215 211
216 17
216 93
216 159
217 126
217 133
217 140
217 154
217 216
218 217
219 150
219 183
219 218
220 217
221 40
221 220
222 221
223 222
224 221
225 224
226 31
226 168
226 225
227 210
227 226
228 224
229 228
230 229
231 178
231 230
232 22
232 25
232 28
232 30
232 33
232 36
232 75
232 195
232 231
233 125
233 154
233 216
234 114
234 133
234 140
234 233
235 52
235 234
236 234
237 163
237 173
237 186
237 205
237 219
237 220
237 236
238 51
238 236
239 238
240 239
241 170
241 240
242 238
243 242
244 215
244 243
245 244
246 191
246 242
247 31
247 246
248 247
249 177
249 247
250 207
250 249
