0 81
0 223
0 271
0 299
0 310
0 332
0 344
0 414
1 52
1 62
1 86
1 94
1 132
1 143
1 229
1 241
1 416
2 1
2 424
2 426
2 433
2 438
2 486
2 512
2 542
2 571
2 624
2 650
2 698
2 731
3 62
3 273
3 299
3 331
3 446
3 448
3 495
3 533
3 561
3 721
3 805
3 832
3 840
4 85
4 93
4 257
4 267
4 295
4 306
4 328
4 340
4 398
4 418
6 5
7 5
8 7
9 7
11 10
12 11
13 10
14 13
15 13
16 12
16 15
17 14
17 16
19 18
20 11
20 19
21 20
22 21
23 20
24 23
26 22
26 25
27 25
28 8
28 26
28 27
29 28
30 29
31 29
32 28
33 32
34 33
35 32
36 35
37 36
38 36
39 36
40 39
41 40
42 40
43 32
44 43
45 44
46 44
47 44
48 43
49 48
50 48
51 48
52 43
53 43
54 32
55 54
56 55
57 55
58 54
59 58
60 58
61 58
62 54
63 54
64 28
65 64
66 65
67 31
67 64
69 21
69 68
70 68
70 69
71 8
71 70
72 71
73 72
74 71
75 74
76 75
77 76
78 76
79 76
80 79
81 79
82 79
83 76
84 83
85 83
86 83
87 75
88 87
89 87
90 89
91 89
92 87
93 92
94 92
95 75
96 95
97 96
98 74
99 98
100 98
101 74
102 101
103 102
104 37
104 103
105 102
106 102
107 35
107 101
108 71
109 108
111 23
111 110
112 110
113 8
113 111
113 112
114 113
115 114
116 113
117 116
118 117
119 117
120 117
121 116
122 121
123 122
124 50
124 123
125 55
125 122
126 122
127 121
128 127
129 127
130 47
130 129
131 127
132 121
133 121
134 116
135 134
136 135
137 135
138 135
139 134
140 139
141 139
142 139
143 134
144 134
145 113
146 145
147 146
149 24
149 148
150 148
151 9
151 149
151 150
152 151
153 152
154 153
155 151
156 155
157 154
157 156
158 157
159 158
160 158
161 156
162 155
163 162
164 73
164 109
164 147
164 163
165 164
166 165
167 115
167 146
167 163
168 167
169 168
170 169
171 167
172 171
173 172
174 167
175 169
175 171
175 174
176 160
176 175
177 165
177 176
178 166
178 177
179 178
180 176
181 180
182 157
182 171
182 174
183 170
183 173
183 182
184 31
184 64
184 164
184 183
185 34
185 184
186 67
186 185
187 186
188 186
189 188
190 166
190 170
190 173
190 177
190 182
191 190
192 191
193 192
194 192
195 191
196 195
197 196
198 99
198 194
198 197
199 196
200 99
200 193
200 199
201 200
202 118
202 160
202 168
202 172
202 182
203 202
204 151
205 204
206 205
207 154
207 161
207 206
208 207
209 205
210 205
211 107
211 120
211 210
212 34
212 100
212 118
212 206
212 211
213 39
213 106
213 120
213 210
214 38
214 95
214 105
214 119
214 209
214 213
215 204
216 215
217 216
218 51
218 77
218 128
218 217
219 216
220 216
221 215
222 221
223 89
223 222
224 221
225 49
225 78
225 224
226 221
227 131
227 226
228 215
229 215
230 38
230 104
230 105
230 116
230 204
231 204
232 231
233 232
234 232
235 232
236 49
236 57
236 126
236 138
236 219
236 235
237 231
238 237
239 237
240 237
241 231
242 231
243 63
243 133
243 144
243 242
245 22
245 244
246 244
247 9
247 245
247 246
248 247
249 248
250 247
251 250
252 251
253 252
254 252
255 252
256 255
257 255
258 255
259 252
260 259
261 259
262 251
263 262
264 262
265 262
266 265
267 265
268 265
269 262
270 269
271 269
272 269
273 251
274 250
275 247
276 249
276 275
277 276
278 276
279 276
280 279
281 280
283 24
283 282
284 282
285 9
285 283
285 284
286 285
287 286
288 285
289 288
290 289
291 290
292 290
293 290
294 293
295 293
296 293
297 290
298 92
298 297
299 297
300 297
301 289
302 301
303 301
304 301
305 304
306 304
307 304
308 301
309 308
310 308
311 308
312 289
313 288
314 285
315 314
317 12
317 18
317 316
318 6
318 9
318 317
319 318
320 31
320 66
320 73
320 115
320 249
320 287
320 319
321 318
322 321
323 322
324 323
325 323
326 323
327 326
328 326
329 326
330 323
331 330
332 259
332 330
333 330
334 83
334 269
334 297
334 330
335 322
336 335
337 335
338 335
339 338
340 338
341 338
342 335
343 342
344 342
345 342
346 92
346 259
346 308
346 342
347 322
348 321
349 318
350 108
350 145
350 155
350 275
350 314
350 349
351 349
352 351
353 14
353 19
354 6
354 8
354 353
355 354
356 355
357 315
357 352
357 356
358 357
359 356
360 287
360 315
360 352
360 359
361 360
362 361
363 360
364 360
365 313
365 363
365 364
366 364
367 319
367 351
367 359
368 367
369 368
370 367
371 367
372 371
373 355
374 373
375 354
376 74
376 250
376 288
376 321
376 375
377 33
377 117
377 205
377 355
377 376
378 153
378 320
378 356
378 377
379 378
380 379
381 65
381 350
381 377
382 375
383 374
383 382
384 383
385 375
386 385
387 386
388 273
388 312
388 347
388 386
389 212
389 274
389 313
389 348
389 382
389 388
390 375
391 390
392 391
393 392
394 44
394 122
394 216
394 334
394 393
395 393
396 393
397 393
398 51
398 60
398 129
398 141
398 224
398 239
398 397
399 392
400 399
401 46
401 400
402 56
402 123
402 136
402 217
402 233
402 400
403 399
404 87
404 399
405 392
406 392
407 391
408 407
409 55
409 135
409 232
409 346
409 408
410 387
410 388
410 394
410 409
411 211
411 410
412 411
413 408
414 46
414 125
414 137
414 234
414 395
414 413
415 408
416 254
416 264
416 292
416 303
416 325
416 337
416 396
416 415
417 233
417 415
418 408
419 407
420 419
421 53
421 80
421 90
421 261
421 272
421 300
421 311
421 333
421 345
421 402
421 420
422 419
423 45
423 82
423 91
423 258
423 268
423 296
423 307
423 329
423 341
423 422
424 59
424 128
424 140
424 226
424 238
424 403
424 423
425 419
426 47
426 78
426 220
426 243
426 253
426 263
426 291
426 302
426 324
426 336
426 404
426 425
427 136
427 238
427 337
427 425
428 407
429 228
429 256
429 266
429 294
429 305
429 327
429 339
429 405
429 428
430 50
430 61
430 77
430 88
430 131
430 142
430 240
430 429
431 0
431 424
431 430
432 0
432 1
432 4
432 421
432 424
432 426
432 430
433 0
433 4
433 430
434 407
435 84
435 236
435 260
435 270
435 298
435 309
435 331
435 343
435 406
435 434
436 432
436 435
437 421
437 435
438 437
439 1
439 4
439 426
439 431
439 437
442 441
444 443
445 444
446 445
447 444
448 447
449 443
450 449
451 449
452 451
453 373
453 452
454 453
455 454
456 369
456 370
456 372
456 455
457 456
458 361
458 363
458 366
458 457
459 458
460 458
461 456
462 454
463 357
463 452
464 463
465 441
465 463
466 465
467 466
468 467
469 468
470 469
471 451
472 471
473 371
473 374
473 472
474 362
474 369
474 370
474 473
475 363
475 366
475 474
476 280
476 475
477 471
478 442
478 464
478 477
479 358
479 440
479 472
479 478
480 383
480 466
480 479
481 480
482 465
482 481
483 482
484 481
485 384
485 484
486 484
487 484
488 465
488 481
489 488
490 487
490 489
491 483
491 486
491 490
492 491
493 491
494 493
495 494
496 494
497 494
498 483
498 485
498 489
499 498
500 499
501 140
501 240
501 303
501 336
501 500
502 499
503 498
504 498
505 498
506 477
507 365
507 457
507 474
507 506
508 507
509 470
509 479
509 508
510 509
511 510
512 511
513 511
514 469
514 510
515 461
515 514
516 515
517 516
518 515
519 518
520 513
520 517
520 519
521 512
521 520
522 521
523 521
524 523
525 524
526 524
527 524
528 508
529 511
529 517
529 528
530 519
530 529
531 530
532 530
533 530
534 530
535 507
536 277
536 278
536 459
536 476
536 506
537 274
537 281
537 536
538 537
539 479
539 538
540 539
541 540
542 541
543 541
544 540
545 460
545 470
545 544
546 545
547 545
548 547
549 543
549 548
550 542
550 546
550 549
551 550
552 550
553 552
554 553
555 553
556 553
557 538
558 541
558 557
559 546
559 548
559 558
560 559
561 559
562 505
562 561
563 559
564 559
565 537
566 370
566 455
566 506
567 348
567 368
567 473
567 566
568 567
569 468
569 479
569 567
570 569
571 570
572 570
573 572
574 467
574 569
575 462
575 574
576 575
577 575
578 577
579 568
579 570
579 578
580 576
580 579
581 580
582 581
583 56
583 142
583 239
583 254
583 302
583 413
583 582
584 581
585 580
586 580
587 580
588 531
588 587
589 562
589 588
590 589
591 571
591 573
591 576
591 578
592 591
593 492
593 522
593 551
593 592
594 491
594 521
594 550
594 591
595 593
595 594
596 595
597 41
597 596
598 591
599 598
600 599
601 599
602 599
603 443
605 604
606 604
607 381
607 605
607 606
608 607
609 390
609 596
609 608
610 606
611 96
611 103
611 610
612 604
613 109
613 147
613 162
613 277
613 612
614 476
614 477
614 613
615 278
615 281
615 358
615 614
616 184
616 615
617 67
617 616
618 615
619 440
619 618
620 188
620 619
621 620
622 621
623 622
624 623
625 623
626 615
627 626
628 627
629 628
630 627
631 630
632 278
632 279
632 459
632 464
632 613
633 632
634 179
634 180
634 460
634 461
634 528
634 557
634 618
634 633
635 159
635 189
635 201
635 203
635 208
635 626
635 634
636 384
636 462
636 568
636 635
637 17
637 635
638 442
638 633
639 638
640 639
641 640
642 641
643 642
644 643
645 198
645 619
645 644
646 645
647 646
648 647
649 648
650 648
651 648
652 179
652 644
653 621
653 652
654 653
655 654
656 623
656 655
657 653
658 657
659 625
659 629
659 655
659 658
660 624
660 631
660 659
661 660
662 661
663 662
664 662
665 662
666 660
667 189
667 656
667 658
668 667
669 667
670 667
671 667
672 643
673 646
673 672
674 181
674 673
675 674
676 675
677 483
677 546
677 576
677 676
678 674
679 678
680 629
680 651
680 679
681 631
681 650
681 676
681 680
682 681
683 682
684 683
685 683
686 683
687 681
688 201
688 649
688 676
688 679
689 688
690 532
690 689
691 688
692 688
693 533
693 563
693 670
693 692
694 688
695 202
695 619
695 642
696 695
697 696
698 697
699 697
700 159
700 641
701 696
701 700
702 701
703 702
704 697
704 703
705 701
706 705
707 629
707 699
707 703
707 706
708 631
708 698
708 707
709 708
710 709
711 710
712 710
713 710
714 660
714 681
714 708
715 708
716 666
716 687
716 715
717 714
717 716
718 203
718 704
718 706
719 718
720 719
721 97
721 138
721 234
721 404
721 560
721 720
722 719
723 584
723 693
723 722
724 718
725 718
726 504
726 560
726 586
726 668
726 725
727 718
728 207
728 619
728 640
729 728
730 729
731 730
732 730
733 436
733 487
733 513
733 543
733 572
733 625
733 651
733 699
733 732
734 639
735 734
736 729
736 734
737 736
738 737
739 730
739 738
740 412
740 517
740 655
740 677
740 703
740 738
741 736
742 741
743 629
743 732
743 738
743 742
744 631
744 731
744 743
745 744
746 745
747 744
748 717
748 746
748 747
749 744
750 749
751 750
752 750
753 496
753 526
753 555
753 601
753 664
753 685
753 712
753 752
754 750
755 497
755 527
755 556
755 602
755 665
755 686
755 713
755 753
755 754
756 493
756 523
756 552
756 593
756 598
756 661
756 682
756 709
756 716
756 749
757 747
757 756
758 757
759 208
759 739
759 742
760 759
761 502
761 760
762 761
763 759
764 534
764 564
764 671
764 694
764 763
765 500
765 582
765 720
765 764
766 759
767 759
768 767
769 767
770 669
770 769
771 503
771 724
771 766
771 770
772 562
772 585
772 690
772 761
772 771
773 691
773 727
773 770
774 589
774 690
774 726
774 768
774 773
775 774
776 775
777 776
778 776
779 773
780 214
780 389
780 394
780 495
780 525
780 554
780 600
780 663
780 684
780 711
780 723
780 751
780 753
780 755
780 758
780 762
780 779
781 589
781 773
782 723
782 762
782 765
782 772
782 781
783 782
784 783
785 784
786 230
786 409
786 765
786 780
786 785
787 212
787 380
787 436
787 636
787 723
787 765
787 785
788 783
789 439
789 489
789 519
789 548
789 628
789 658
789 679
789 706
789 742
790 578
790 630
790 789
791 379
791 606
791 612
793 792
794 793
795 793
796 792
797 796
798 797
799 798
800 798
801 120
801 223
801 270
801 525
801 671
801 727
801 760
801 800
802 798
803 798
804 797
805 804
806 804
807 804
808 804
809 796
810 214
810 230
810 608
810 796
811 793
811 810
812 444
812 450
812 811
813 792
814 449
814 603
814 809
814 813
815 412
815 426
815 438
815 439
815 590
815 772
815 778
815 787
815 811
815 814
816 411
816 757
816 788
816 814
817 590
817 595
817 636
817 748
817 775
817 779
817 785
817 791
817 812
817 816
818 816
819 380
819 389
819 636
819 778
819 812
819 818
820 41
820 605
820 813
821 820
823 106
823 822
824 823
825 823
826 209
826 822
827 826
828 826
829 37
830 829
831 63
831 210
831 271
831 298
831 563
831 600
831 694
831 768
831 803
831 829
833 93
833 143
833 242
833 260
833 310
833 347
833 446
833 502
833 564
833 587
833 806
833 832
834 94
834 144
834 312
834 332
834 406
834 447
834 503
834 531
834 763
834 807
834 832
836 42
836 835
837 585
837 836
838 61
838 96
838 395
838 448
838 586
838 821
838 833
838 837
839 60
839 97
839 235
839 445
839 532
839 584
839 821
839 834
839 837
840 836
841 59
841 88
841 141
841 253
841 385
841 504
841 840
842 96
842 241
842 309
842 344
842 446
842 447
842 505
842 534
842 808
842 820
842 832
842 841
843 119
843 835
844 603
844 724
844 843
845 105
845 125
845 219
845 263
845 292
845 611
845 689
845 722
845 830
845 844
846 328
846 405
846 554
846 691
846 766
846 799
846 845
847 57
847 291
847 325
847 397
847 611
847 725
847 801
847 830
847 844
848 843
849 38
849 126
849 220
849 264
849 403
849 603
849 611
849 668
849 669
849 848
850 81
850 295
850 327
850 692
850 751
850 802
850 849
851 137
851 324
851 396
851 611
851 769
851 831
851 848
