2 21
3 22
5 198
5 308
5 309
5 310
5 311
5 324
5 325
5 326
5 327
5 365
5 366
5 367
6 498
6 499
6 500
6 501
6 506
6 507
6 508
6 509
6 519
6 520
6 521
7 494
7 495
7 496
7 497
7 502
7 503
7 504
7 505
7 516
7 517
7 518
8 197
8 304
8 305
8 306
8 307
8 320
8 321
8 322
8 323
8 361
8 363
8 364
18 190
20 191
21 2048
22 192
23 193
28 2092
29 2249
29 2250
29 2284
30 202
30 203
30 204
30 205
30 206
30 265
30 1932
30 2056
30 2058
30 2060
30 2062
31 202
31 203
31 204
31 205
31 206
31 266
31 574
31 575
31 576
31 577
31 578
32 208
32 209
32 210
32 211
32 268
32 270
32 1896
32 1934
32 1936
32 1938
32 2319
33 208
33 209
33 210
33 211
33 269
33 270
33 579
33 580
33 581
33 582
33 620
34 194
34 264
34 267
35 285
35 288
36 195
36 340
37 2255
37 2256
37 2285
38 212
38 213
38 214
38 215
38 216
38 286
38 1940
38 2064
38 2066
38 2068
38 2070
39 212
39 213
39 214
39 215
39 216
39 287
39 585
39 586
39 587
39 588
39 589
40 217
40 218
40 219
40 220
40 289
40 291
40 1898
40 1942
40 1944
40 1946
40 2321
41 217
41 218
41 219
41 220
41 290
41 291
41 590
41 591
41 592
41 593
41 621
42 535
42 536
42 537
42 541
42 542
42 543
42 791
42 792
43 510
43 511
43 512
43 523
43 524
43 525
43 526
43 546
43 547
43 548
43 549
44 531
44 533
44 534
44 538
44 539
44 540
44 544
44 545
44 789
44 790
45 349
45 350
45 351
45 376
45 377
45 378
45 379
45 443
45 444
45 445
45 446
46 407
46 408
46 409
46 410
46 421
46 422
46 423
46 433
46 434
46 699
46 701
47 222
47 228
47 229
47 230
47 231
47 292
47 1900
47 1951
47 1953
47 1954
47 2315
48 222
48 228
48 229
48 230
48 231
48 293
48 599
48 605
48 606
48 607
48 608
49 236
49 237
49 238
49 239
49 243
49 294
49 1904
49 1958
49 1960
49 1961
49 2317
50 236
50 237
50 238
50 239
50 243
50 295
50 613
50 614
50 615
50 616
50 618
51 296
51 308
52 297
52 304
53 298
53 309
54 299
54 305
55 300
55 310
56 301
56 306
57 302
57 311
58 303
58 307
59 312
59 324
60 313
60 320
61 314
61 325
62 315
62 321
63 316
63 326
64 317
64 322
65 318
65 327
66 319
66 323
67 328
67 330
67 331
67 332
67 333
67 334
68 329
68 335
68 336
68 337
68 338
68 339
69 428
69 429
69 431
69 432
69 488
70 207
70 240
70 342
71 196
71 271
72 341
72 573
72 584
72 595
72 598
72 807
72 809
72 812
72 814
73 343
73 352
74 344
74 349
75 345
75 353
76 346
76 350
77 347
77 354
78 348
78 351
79 355
79 365
80 356
80 361
81 357
81 366
82 358
82 363
83 359
83 367
84 360
84 364
85 368
85 380
86 369
86 376
87 370
87 381
88 371
88 377
89 372
89 382
90 373
90 378
91 374
91 383
92 375
92 379
93 384
93 386
93 387
93 388
93 389
93 390
94 385
94 391
94 392
94 393
94 394
94 395
95 199
95 201
96 805
96 810
96 815
96 816
97 396
97 397
97 398
97 399
97 400
98 401
98 411
99 402
99 407
100 403
100 413
101 404
101 409
102 405
102 414
103 406
103 410
104 415
104 424
105 416
105 421
106 417
106 425
107 418
107 422
108 419
108 426
109 420
109 423
110 427
110 433
111 430
111 434
112 435
112 447
113 436
113 443
114 437
114 448
115 438
115 444
116 439
116 449
117 440
117 445
118 441
118 450
119 442
119 446
120 455
120 456
121 352
121 353
121 354
121 380
121 381
121 382
121 383
121 447
121 448
121 449
121 450
122 411
122 412
122 413
122 414
122 424
122 425
122 426
122 702
122 703
123 513
123 514
123 515
123 527
123 528
123 529
123 530
123 550
123 551
123 552
123 553
124 223
124 224
124 225
124 226
124 227
124 457
124 1949
124 2074
124 2076
124 2078
124 2080
125 223
125 224
125 225
125 226
125 227
125 458
125 600
125 601
125 602
125 603
125 604
126 459
126 461
126 462
126 463
126 464
127 460
127 2302
127 2303
128 221
128 232
128 233
128 234
128 235
128 465
128 1956
128 2072
128 2082
128 2084
128 2086
129 221
129 232
129 233
129 234
129 235
129 466
129 596
129 609
129 610
129 611
129 612
130 994
130 1809
131 241
131 994
132 244
132 467
132 1820
132 1851
132 1852
132 1853
132 2297
133 244
133 468
133 619
133 716
133 717
133 718
133 719
134 242
134 469
134 1606
134 1821
134 1855
134 1856
134 2296
135 242
135 470
135 617
135 720
135 721
135 722
135 723
136 477
136 1861
136 1975
136 1976
136 1977
136 1978
137 478
137 727
137 728
137 729
137 730
137 731
138 479
138 1862
138 1979
138 1980
138 1981
138 1982
139 480
139 732
139 733
139 734
139 735
139 736
140 200
140 481
141 245
141 1176
142 246
142 1177
143 247
143 1178
144 248
144 1179
145 249
145 1180
146 250
146 1181
147 251
147 1182
148 252
148 1183
149 253
149 1184
150 254
150 1643
151 255
151 1185
152 256
152 1186
153 257
153 1187
154 258
154 1188
155 259
155 1189
156 260
156 1190
157 261
157 1191
158 262
158 1192
159 263
159 1193
160 272
160 1194
161 273
161 1195
162 274
162 1196
163 275
163 1091
164 276
164 1198
165 277
165 1199
166 278
166 1297
167 279
167 1200
168 280
168 1201
169 281
169 1104
170 282
170 1203
171 283
171 1204
172 284
172 1205
173 451
173 555
174 452
174 554
175 453
175 557
176 454
176 556
177 482
177 566
178 483
178 565
179 484
179 568
180 485
180 567
181 471
181 559
182 472
182 558
183 473
183 561
184 474
184 560
185 475
185 563
186 476
186 562
187 486
187 570
188 487
188 569
189 489
189 803
197 362
198 522
202 1995
203 2110
204 2111
205 2112
206 2113
208 1933
209 1997
210 1998
211 1999
212 2000
213 2114
214 2115
215 2116
216 2117
217 1941
218 2002
219 2003
220 2004
221 2118
222 1947
223 2119
224 2120
225 2121
226 2122
227 2005
228 2006
229 2007
230 2008
231 2324
232 2123
233 2124
234 2125
235 2009
236 2010
237 2011
238 2012
239 2325
241 2013
242 2300
243 1967
244 2301
245 1049
246 1051
247 1053
248 1055
249 1057
250 1059
251 1061
252 1063
253 1065
254 1567
255 1067
256 1069
257 1071
258 1073
259 1075
260 1077
261 1079
262 1081
263 1083
264 2038
264 2131
264 2132
264 2133
264 2134
265 574
265 575
265 576
265 577
265 578
265 1931
265 2055
265 2057
265 2059
265 2061
266 1931
266 1932
266 2055
266 2056
266 2057
266 2058
266 2059
266 2060
266 2061
266 2062
267 1996
267 2039
267 2040
267 2041
267 2326
268 579
268 580
268 581
268 582
268 620
268 1760
268 1897
268 1935
268 1937
268 2318
269 1760
269 1896
269 1897
269 1934
269 1935
269 1936
269 1937
269 1938
269 2318
269 2319
270 2322
271 490
271 491
271 492
271 493
272 1086
273 1088
274 1090
275 996
276 1093
277 1095
278 1261
279 1100
280 1102
281 997
282 1105
283 1107
284 1109
285 2042
285 2135
285 2136
285 2137
285 2138
286 585
286 586
286 587
286 588
286 589
286 1939
286 2063
286 2065
286 2067
286 2069
287 1939
287 1940
287 2063
287 2064
287 2065
287 2066
287 2067
287 2068
287 2069
287 2070
288 2001
288 2043
288 2044
288 2045
288 2327
289 590
289 591
289 592
289 593
289 621
289 1761
289 1899
289 1943
289 1945
289 2320
290 1761
290 1898
290 1899
290 1942
290 1943
290 1944
290 1945
290 1946
290 2320
290 2321
291 2323
292 599
292 605
292 606
292 607
292 608
292 1762
292 1901
292 1950
292 1952
292 2314
293 1762
293 1900
293 1901
293 1950
293 1951
293 1952
293 1953
293 1954
293 2314
293 2315
294 613
294 614
294 615
294 616
294 618
294 1764
294 1902
294 1957
294 1959
294 2316
295 1764
295 1902
295 1904
295 1957
295 1958
295 1959
295 1960
295 1961
295 2316
295 2317
296 498
297 494
298 499
299 495
300 500
301 496
302 501
303 497
304 622
305 623
306 624
307 625
308 626
309 627
310 628
311 629
312 506
313 502
314 507
315 503
316 508
317 504
318 509
319 505
320 630
321 631
322 632
323 633
324 634
325 635
326 636
327 637
328 638
328 639
328 640
328 641
328 642
329 643
329 644
329 645
329 646
329 647
330 801
331 757
332 758
333 759
334 760
335 761
336 762
337 763
338 764
339 765
340 990
340 991
340 992
340 993
341 572
341 583
341 594
341 597
341 806
341 808
341 811
341 813
342 572
342 573
342 583
342 584
342 594
342 595
342 597
342 598
342 648
343 513
344 510
345 514
346 511
347 515
348 512
349 649
350 650
351 651
352 654
353 652
354 653
355 519
356 516
357 520
358 517
359 521
360 518
361 655
362 522
363 656
364 657
365 658
366 659
367 660
368 527
369 523
370 528
371 524
372 529
373 525
374 530
375 526
376 661
377 662
378 663
379 664
380 665
381 666
382 667
383 668
384 669
384 670
384 671
384 672
384 678
385 673
385 674
385 675
385 676
385 677
386 800
387 776
388 777
389 778
390 678
391 779
392 780
393 781
394 782
395 783
396 679
396 680
396 681
396 682
397 748
398 745
399 746
400 747
401 535
402 531
403 536
404 533
405 537
406 534
407 683
408 532
409 684
410 685
411 686
412 739
413 687
414 688
415 541
416 538
417 542
418 539
419 543
420 540
421 689
422 690
423 691
424 740
425 692
426 693
427 544
428 694
428 702
429 695
429 699
430 545
431 696
431 703
432 697
432 701
433 698
434 700
435 550
436 546
437 551
438 547
439 552
440 548
441 553
442 549
443 704
444 705
445 706
446 707
447 708
448 709
449 710
450 711
451 554
452 555
453 556
454 557
455 714
455 839
456 715
456 1004
457 600
457 601
457 602
457 603
457 604
457 1948
457 2073
457 2075
457 2077
457 2079
458 1948
458 1949
458 2073
458 2074
458 2075
458 2076
458 2077
458 2078
458 2079
458 2080
459 2306
459 2307
459 2308
459 2309
460 1974
460 2018
461 2310
462 2311
463 2312
464 2313
465 596
465 609
465 610
465 611
465 612
465 1955
465 2071
465 2081
465 2083
465 2085
466 1955
466 1956
466 2071
466 2072
466 2081
466 2082
466 2083
466 2084
466 2085
466 2086
467 619
467 716
467 717
467 718
467 719
467 1005
467 1006
467 1007
467 1008
467 2051
468 1005
468 1006
468 1007
468 1008
468 1820
468 1851
468 1852
468 1853
468 2051
468 2297
469 617
469 720
469 721
469 722
469 723
469 799
469 840
469 1009
469 1010
469 2014
470 799
470 840
470 1009
470 1010
470 1606
470 1821
470 1855
470 1856
470 2014
470 2296
471 558
472 559
473 560
474 561
475 562
476 563
477 727
477 728
477 729
477 730
477 731
477 1023
477 1024
477 1025
477 1026
477 1138
478 1023
478 1024
478 1025
478 1026
478 1138
478 1861
478 1975
478 1976
478 1977
478 1978
479 732
479 733
479 734
479 735
479 736
479 922
479 1027
479 1028
479 1029
479 1030
480 922
480 1027
480 1028
480 1029
480 1030
480 1862
480 1979
480 1980
480 1981
480 1982
481 564
481 571
482 565
483 566
484 567
485 568
486 569
487 570
488 741
488 742
489 742
494 622
495 623
496 624
497 625
498 626
499 627
500 628
501 629
502 630
503 631
504 632
505 633
506 634
507 635
508 636
509 637
510 649
511 650
512 651
513 654
514 652
515 653
516 655
517 656
518 657
519 658
520 659
521 660
522 744
522 799
523 661
524 662
525 663
526 664
527 665
528 666
529 667
530 668
531 683
532 739
533 684
534 685
535 686
536 687
537 688
538 689
539 690
540 691
541 740
542 692
543 693
544 698
545 700
546 704
547 705
548 706
549 707
550 708
551 709
552 710
553 711
554 712
555 712
556 713
557 713
558 724
559 724
560 725
561 725
562 726
563 726
565 738
566 738
567 737
568 737
569 743
570 743
572 872
573 872
574 1995
575 2110
576 2111
577 2112
578 2113
579 1933
580 1997
581 1998
582 1999
583 873
584 873
585 2000
586 2114
587 2115
588 2116
589 2117
590 1941
591 2002
592 2003
593 2004
594 875
595 875
596 2118
597 876
598 876
599 1947
600 2119
601 2120
602 2121
603 2122
604 2005
605 2006
606 2007
607 2008
608 2324
609 2123
610 2124
611 2125
612 2009
613 2010
614 2011
615 2012
616 2325
617 2300
618 1967
619 2301
620 2322
621 2323
622 749
623 750
624 751
625 752
626 819
627 820
628 821
629 822
630 753
631 754
632 755
633 756
634 823
635 824
636 825
637 826
638 801
639 757
640 758
641 759
642 760
643 761
644 762
645 763
646 764
647 765
648 806
648 807
648 808
648 809
648 811
648 812
648 813
648 814
649 768
650 766
651 767
652 827
653 828
654 804
654 829
655 769
656 770
657 771
658 830
659 831
660 832
661 772
662 773
663 774
664 775
665 855
666 852
667 853
668 841
669 800
670 776
671 777
672 778
673 779
674 780
675 781
676 782
677 783
678 817
678 818
678 847
678 848
678 849
679 748
680 745
681 746
682 747
683 784
684 785
685 786
686 861
687 859
688 860
689 802
690 787
691 788
692 862
693 863
694 791
695 789
696 792
697 790
698 793
699 833
700 794
701 834
702 835
703 836
704 795
705 796
706 797
707 798
708 858
709 856
710 857
711 854
712 837
712 839
712 1003
713 838
713 839
713 1002
714 1002
715 1003
716 1854
717 1884
718 1885
719 1886
720 1687
721 1857
722 1887
723 1888
724 843
724 1021
724 1137
725 844
725 1021
725 1136
726 845
726 846
727 1891
728 2019
729 2020
730 2021
731 2022
732 1892
733 2023
734 2024
735 2025
736 2026
737 850
737 974
738 851
738 973
739 842
739 1135
740 864
740 1037
741 803
742 865
743 866
743 1173
744 1041
745 805
746 810
747 815
748 816
749 819
750 820
751 821
752 822
753 823
754 824
755 825
756 826
757 886
757 894
757 931
757 941
757 943
757 970
758 885
758 893
758 930
758 939
758 969
759 884
759 892
759 929
759 938
759 972
760 883
760 891
760 928
760 937
760 971
761 882
761 890
761 927
761 936
761 965
762 881
762 889
762 926
762 932
762 940
762 942
762 964
763 880
763 888
763 925
763 935
763 967
764 879
764 887
764 924
764 934
764 966
765 867
765 870
765 923
765 933
765 968
766 827
767 828
768 868
768 922
769 830
770 831
771 832
772 855
773 852
774 853
775 841
776 903
776 904
776 913
776 914
776 958
777 902
777 912
777 948
777 953
777 956
778 901
778 911
778 947
778 952
778 957
779 900
779 910
779 946
779 951
779 959
780 899
780 909
780 945
780 949
780 954
780 955
780 961
781 898
781 908
781 944
781 950
781 960
782 896
782 897
782 906
782 907
782 963
783 895
783 905
783 915
783 962
783 1496
783 1498
784 861
785 859
786 860
787 862
788 863
789 833
790 834
791 835
792 836
793 869
793 921
794 840
795 858
796 856
797 857
798 854
799 1888
800 918
800 1208
801 919
801 1214
802 975
802 976
803 865
804 1040
805 871
806 872
807 872
808 873
809 873
810 874
811 875
812 875
813 876
814 876
815 877
816 878
817 1394
817 1546
818 1416
818 1553
818 1555
819 985
819 1026
820 984
820 1025
821 983
821 1024
822 982
822 1023
823 989
823 1008
824 988
824 1007
825 987
825 1006
826 986
826 1005
827 978
827 1029
828 977
828 1028
829 994
829 1030
830 981
830 1027
831 980
831 1010
832 979
832 1009
833 916
834 917
835 999
836 1000
837 1002
837 1004
838 1003
838 1004
839 1125
840 1687
841 920
842 1018
843 1022
843 1136
844 1022
844 1137
845 1019
845 1021
846 1020
846 1022
847 995
847 996
848 997
848 998
849 1001
849 1209
850 973
851 974
852 1011
852 1129
853 1012
853 1128
854 1013
854 1131
855 1014
855 1130
856 1032
856 1169
857 1033
857 1168
858 1034
858 1493
859 1015
859 1134
860 1016
860 1133
861 1017
861 1018
862 1035
862 1171
863 1036
863 1170
864 976
865 1038
865 1039
866 1039
867 1495
868 1040
869 1174
870 1497
872 990
873 991
875 992
876 993
879 1323
879 1525
879 1526
880 1324
880 1329
880 1332
880 1527
880 1528
881 1140
881 1325
881 1330
881 1333
881 1334
881 1336
882 1500
883 1339
883 1530
884 1340
884 1344
884 1531
885 1341
885 1345
885 1349
885 1532
886 1342
886 1346
886 1350
886 1352
886 1533
887 1319
887 1534
887 1535
888 1320
888 1356
888 1359
888 1501
889 1142
889 1321
889 1357
889 1360
889 1361
890 1503
891 1364
891 1538
891 1540
892 1365
892 1369
892 1373
892 1536
892 1539
893 1366
893 1370
893 1374
893 1376
893 1379
893 1504
894 1144
894 1367
894 1371
894 1375
894 1377
894 1380
894 1381
895 1044
895 1045
895 1146
895 1147
895 1322
895 1385
896 1045
896 1096
896 1097
896 1148
896 1149
896 1322
896 1385
896 1386
896 1387
896 1388
897 1044
897 1541
897 1542
898 1045
898 1096
898 1097
898 1543
898 1544
899 1150
899 1322
899 1386
899 1388
899 1389
899 1391
900 1506
901 1296
901 1395
901 1547
902 1396
902 1399
902 1403
902 1548
903 1098
903 1145
903 1393
903 1402
903 1405
903 1407
904 1222
904 1397
904 1400
904 1404
904 1406
905 1046
905 1047
905 1152
905 1155
905 1326
905 1409
906 1047
906 1111
906 1112
906 1153
906 1156
906 1326
906 1409
906 1410
906 1411
906 1412
907 1046
907 1549
907 1550
908 1047
908 1111
908 1112
908 1508
909 1154
909 1326
909 1410
909 1412
909 1413
910 1510
911 1299
911 1300
911 1417
911 1551
911 1554
912 1418
912 1421
912 1424
912 1426
912 1429
912 1511
913 1158
913 1419
913 1422
913 1425
913 1427
913 1430
913 1431
914 1157
914 1159
914 1415
914 1423
914 1428
914 1433
915 1139
915 1281
916 999
917 1000
918 1115
919 1123
920 1127
920 1519
920 1608
921 1132
921 1521
921 1610
922 2025
923 1048
923 1049
924 1050
924 1051
925 1052
925 1053
926 1054
926 1055
927 1056
927 1057
928 1058
928 1059
929 1060
929 1061
930 1062
930 1063
931 1064
931 1065
932 1066
932 1652
933 1067
933 1068
934 1069
934 1070
935 1071
935 1072
936 1073
936 1074
937 1075
937 1076
938 1077
938 1078
939 1079
939 1080
940 1081
940 1082
941 1083
941 1084
942 1141
942 1825
943 1143
943 1754
944 1085
944 1086
945 1087
945 1088
946 1089
946 1090
947 1092
947 1093
948 1094
948 1095
949 1099
949 1672
950 1100
950 1101
951 1102
951 1103
952 1105
952 1106
953 1107
953 1108
954 1109
954 1110
955 1151
955 1827
956 1113
956 1207
957 1114
957 1206
958 1115
958 1116
959 1117
959 1118
960 1160
960 1224
961 1161
961 1223
962 1162
962 1226
963 1163
963 1225
964 1119
964 1211
965 1120
965 1210
966 1121
966 1213
967 1122
967 1212
968 1123
968 1124
969 1164
969 1228
970 1165
970 1227
971 1166
971 1230
972 1167
972 1229
973 1031
974 1031
975 1037
976 1172
977 1040
978 1040
979 1041
980 1041
981 1041
982 1042
983 1042
984 1042
985 1042
986 1043
987 1043
988 1043
989 1043
994 2013
995 1091
996 1197
997 1202
998 1104
999 1175
999 1232
1000 1138
1001 1118
1002 1125
1003 1126
1004 1126
1005 1854
1006 1884
1007 1885
1008 1886
1009 1857
1010 1887
1011 1128
1012 1129
1013 1130
1014 1131
1015 1133
1016 1134
1017 1135
1018 1219
1019 1136
1020 1137
1021 1220
1022 1221
1023 1891
1024 2019
1025 2020
1026 2021
1027 1892
1028 2023
1029 2024
1030 2026
1031 1215
1031 1442
1032 1168
1033 1169
1034 1315
1035 1170
1036 1171
1037 1172
1038 1173
1039 1235
1040 1174
1041 1174
1042 1236
1043 1236
1044 1496
1045 1496
1046 1498
1047 1498
1048 1176
1049 1237
1050 1177
1051 1238
1052 1178
1053 1239
1054 1179
1055 1240
1056 1180
1057 1241
1058 1181
1059 1242
1060 1182
1061 1243
1062 1183
1063 1244
1064 1184
1065 1245
1066 1573
1067 1247
1068 1185
1069 1248
1070 1186
1071 1249
1072 1187
1073 1250
1074 1188
1075 1251
1076 1189
1077 1252
1078 1190
1079 1253
1080 1191
1081 1254
1082 1192
1083 1255
1084 1193
1085 1194
1086 1256
1087 1195
1088 1257
1089 1196
1090 1258
1091 1197
1092 1198
1093 1259
1094 1199
1095 1260
1096 1541
1097 1542
1098 1222
1099 1587
1100 1268
1101 1200
1102 1269
1103 1201
1104 1202
1105 1270
1106 1203
1107 1271
1108 1204
1109 1272
1110 1205
1111 1549
1112 1550
1113 1206
1114 1207
1115 1276
1116 1208
1117 1209
1118 1277
1119 1210
1120 1211
1121 1212
1122 1213
1123 1280
1124 1214
1125 1231
1126 1231
1127 1520
1127 1607
1128 1216
1129 1216
1130 1217
1131 1217
1132 1522
1132 1609
1133 1218
1134 1218
1135 1219
1136 1220
1137 1221
1138 2022
1139 1281
1139 1310
1140 1246
1140 1653
1141 1789
1142 1282
1142 1826
1143 1701
1144 1283
1144 1755
1145 1261
1145 1262
1146 1263
1146 1737
1147 1264
1147 1738
1148 1265
1148 1739
1149 1266
1149 1740
1150 1267
1150 1673
1151 1797
1152 1284
1152 2200
1153 1273
1153 2232
1154 1285
1154 1828
1155 1286
1155 2201
1156 1274
1156 2233
1157 1287
1157 2130
1158 1288
1158 1756
1159 1289
1159 2152
1160 1223
1161 1224
1162 1225
1163 1226
1164 1227
1165 1228
1166 1229
1167 1230
1168 1233
1169 1233
1170 1234
1171 1234
1172 1294
1172 1494
1173 1235
1175 1236
1176 1237
1177 1238
1178 1239
1179 1240
1180 1241
1181 1242
1182 1243
1183 1244
1184 1245
1185 1247
1186 1248
1187 1249
1188 1250
1189 1251
1190 1252
1191 1253
1192 1254
1193 1255
1194 1256
1195 1257
1196 1258
1197 1296
1197 1311
1197 1393
1197 1395
1197 1396
1197 1397
1197 1399
1197 1400
1197 1401
1198 1259
1199 1260
1200 1268
1201 1269
1202 1299
1202 1300
1202 1312
1202 1313
1202 1414
1202 1417
1202 1418
1202 1419
1202 1421
1202 1422
1202 1423
1202 1424
1202 1425
1203 1270
1204 1271
1205 1272
1206 1275
1207 1275
1208 1276
1209 1277
1210 1278
1211 1278
1212 1279
1213 1279
1214 1280
1215 1302
1216 1303
1216 1519
1216 1607
1217 1305
1217 1306
1218 1304
1218 1521
1218 1609
1219 1307
1219 1308
1220 1295
1221 1295
1222 1298
1222 1681
1223 1291
1224 1291
1225 1290
1226 1290
1227 1293
1228 1293
1229 1292
1230 1292
1231 1301
1231 1302
1232 1314
1232 1315
1233 1316
1233 1757
1234 1317
1234 1318
1235 1309
1235 1523
1237 1323
1237 1324
1237 1325
1237 1328
1237 1446
1237 1447
1238 1324
1238 1325
1238 1328
1238 1329
1238 1330
1238 1331
1238 1332
1238 1333
1238 1448
1238 1449
1239 1325
1239 1328
1239 1330
1239 1331
1239 1333
1239 1334
1239 1335
1239 1336
1239 1450
1239 1451
1240 1327
1240 1328
1240 1331
1240 1335
1240 1840
1241 1337
1241 1339
1241 1340
1241 1341
1241 1342
1241 1452
1242 1338
1242 1340
1242 1341
1242 1342
1242 1344
1242 1345
1242 1346
1242 1347
1242 1453
1243 1337
1243 1341
1243 1343
1243 1345
1243 1346
1243 1347
1243 1349
1243 1350
1243 1351
1243 1454
1244 1337
1244 1343
1244 1346
1244 1347
1244 1350
1244 1351
1244 1352
1244 1353
1244 1455
1245 1338
1245 1348
1245 1351
1245 1353
1245 1354
1245 1445
1246 1575
1247 1319
1247 1320
1247 1321
1247 1355
1247 1458
1247 1462
1248 1320
1248 1321
1248 1355
1248 1356
1248 1357
1248 1358
1248 1359
1248 1360
1248 1459
1248 1463
1249 1321
1249 1355
1249 1357
1249 1358
1249 1360
1249 1361
1249 1382
1249 1457
1249 1461
1250 1362
1250 1364
1250 1365
1250 1366
1250 1367
1250 1466
1250 1472
1251 1362
1251 1365
1251 1366
1251 1367
1251 1369
1251 1370
1251 1371
1251 1372
1251 1373
1251 1374
1251 1375
1251 1468
1251 1469
1252 1362
1252 1366
1252 1368
1252 1370
1252 1371
1252 1372
1252 1374
1252 1375
1252 1376
1252 1377
1252 1378
1252 1379
1252 1380
1252 1467
1252 1473
1253 1363
1253 1368
1253 1371
1253 1372
1253 1375
1253 1377
1253 1378
1253 1380
1253 1381
1253 1383
1253 1465
1253 1471
1254 1355
1254 1358
1254 1382
1254 1456
1254 1460
1255 1363
1255 1372
1255 1378
1255 1383
1255 1464
1255 1470
1256 1322
1256 1385
1256 1386
1256 1387
1256 1388
1256 1389
1256 1390
1256 1391
1256 1474
1256 1475
1257 1384
1257 1385
1257 1387
1257 1390
1257 1845
1258 1392
1258 1394
1258 1395
1258 1396
1258 1397
1258 1476
1259 1392
1259 1396
1259 1398
1259 1399
1259 1400
1259 1401
1259 1403
1259 1404
1259 1405
1259 1477
1260 1392
1260 1398
1260 1400
1260 1401
1260 1404
1260 1405
1260 1406
1260 1407
1260 1478
1261 1408
1262 1297
1263 1665
1264 1667
1265 1669
1266 1671
1267 1589
1268 1326
1268 1409
1268 1410
1268 1411
1268 1412
1268 1413
1268 1432
1268 1480
1268 1482
1269 1414
1269 1416
1269 1417
1269 1418
1269 1419
1269 1484
1269 1487
1270 1414
1270 1418
1270 1420
1270 1421
1270 1422
1270 1423
1270 1424
1270 1425
1270 1426
1270 1427
1270 1428
1270 1429
1270 1430
1270 1485
1270 1488
1271 1415
1271 1420
1271 1422
1271 1423
1271 1425
1271 1427
1271 1428
1271 1430
1271 1431
1271 1433
1271 1483
1271 1486
1272 1409
1272 1411
1272 1432
1272 1479
1272 1481
1273 2222
1274 2224
1275 1434
1275 1601
1275 1684
1276 1435
1276 1601
1276 1683
1277 1438
1277 1439
1278 1436
1278 1603
1278 1686
1279 1437
1279 1603
1279 1685
1280 1440
1280 1441
1281 1310
1282 1791
1283 1705
1284 2192
1285 1799
1286 2194
1287 2108
1288 1716
1289 2149
1290 1489
1290 1557
1291 1490
1291 1556
1292 1491
1292 1559
1293 1492
1293 1558
1294 1318
1295 1443
1295 1444
1296 1546
1297 1408
1298 1594
1299 1553
1300 1555
1301 1442
1302 1514
1303 1520
1303 1608
1304 1522
1304 1610
1305 1515
1305 1519
1306 1516
1306 1520
1307 1517
1307 1521
1308 1518
1308 1522
1309 1444
1310 1524
1310 1694
1311 1507
1311 1744
1312 1512
1312 2262
1313 1513
1313 2275
1314 1493
1315 1560
1316 1720
1317 1494
1318 1561
1319 1495
1320 1495
1321 1495
1322 1496
1323 1497
1324 1497
1325 1497
1326 1498
1327 1775
1328 1566
1328 1640
1329 1525
1330 1525
1331 1525
1332 1526
1333 1526
1334 1527
1335 1527
1336 1528
1337 1566
1337 1577
1338 1337
1339 1500
1340 1499
1341 1499
1342 1499
1343 1342
1344 1530
1345 1529
1346 1529
1347 1529
1348 1347
1349 1531
1350 1531
1351 1531
1352 1532
1353 1532
1354 1533
1355 1563
1355 1638
1356 1534
1357 1534
1358 1534
1359 1535
1360 1535
1361 1501
1362 1563
1362 1582
1363 1362
1364 1503
1365 1502
1366 1502
1367 1502
1368 1367
1369 1538
1370 1537
1371 1537
1372 1537
1373 1540
1374 1540
1375 1540
1376 1536
1377 1536
1378 1536
1379 1539
1380 1539
1381 1504
1382 1696
1383 1702
1384 1786
1385 1564
1385 1639
1386 1541
1387 1541
1388 1542
1389 1543
1390 1543
1391 1544
1392 1564
1392 1591
1393 1392
1394 1506
1395 1505
1396 1505
1397 1505
1398 1397
1399 1545
1400 1545
1401 1545
1402 1401
1403 1547
1404 1547
1405 1547
1406 1548
1407 1548
1408 1562
1408 1606
1409 1565
1409 1641
1410 1549
1411 1549
1412 1550
1413 1508
1414 1565
1414 1596
1415 1414
1416 1510
1417 1509
1418 1509
1419 1509
1420 1419
1421 1552
1422 1552
1423 1552
1424 1555
1425 1555
1426 1551
1427 1551
1428 1551
1429 1554
1430 1554
1431 1511
1432 1708
1433 1712
1434 1602
1434 1683
1435 1602
1435 1684
1436 1604
1436 1685
1437 1604
1437 1686
1438 1597
1438 1601
1439 1598
1439 1602
1440 1599
1440 1603
1441 1600
1441 1604
1442 1514
1443 1523
1444 1611
1445 1567
1445 1568
1446 1569
1446 1727
1447 1570
1447 1728
1448 1571
1448 1729
1449 1572
1449 1730
1450 1573
1450 1574
1451 1575
1451 1576
1452 1578
1452 1733
1453 1579
1453 1734
1454 1580
1454 1735
1455 1581
1455 1736
1456 1612
1456 2126
1457 1613
1457 2166
1458 1614
1458 2198
1459 1583
1459 2230
1460 1615
1460 2127
1461 1616
1461 2167
1462 1617
1462 2199
1463 1584
1463 2231
1464 1618
1464 2150
1465 1619
1465 2182
1466 1620
1466 2214
1467 1621
1467 2246
1468 1585
1468 2272
1469 1586
1469 2273
1470 1623
1470 2151
1471 1624
1471 2183
1472 1625
1472 2215
1473 1622
1473 2247
1474 1587
1474 1588
1475 1589
1475 1590
1476 1592
1476 1743
1477 1593
1477 1745
1478 1594
1478 1595
1479 1626
1479 2128
1480 1627
1480 2168
1481 1628
1481 2129
1482 1629
1482 2169
1483 1630
1483 2170
1484 1631
1484 2202
1485 1632
1485 2234
1486 1634
1486 2184
1487 1635
1487 2216
1488 1633
1488 2248
1489 1556
1490 1557
1491 1558
1492 1559
1493 1560
1494 1561
1495 1721
1496 1722
1497 1723
1498 1724
1499 1640
1499 1654
1500 1499
1501 1696
1501 1698
1502 1638
1502 1663
1502 2250
1503 1502
1504 1702
1504 1706
1505 1639
1505 1674
1506 1505
1507 1678
1508 1708
1508 1710
1509 1641
1509 1682
1509 2256
1510 1509
1511 1712
1511 1717
1512 2254
1513 2271
1514 1605
1514 1642
1515 1607
1516 1608
1517 1609
1518 1610
1519 1688
1520 1689
1521 1690
1522 1691
1523 1611
1524 1694
1524 1695
1525 1644
1525 1645
1526 1646
1526 1647
1527 1648
1527 1649
1528 1650
1528 1651
1529 1655
1529 1656
1530 1529
1531 1657
1531 1658
1532 1659
1532 1660
1533 1661
1533 1662
1534 1697
1534 1984
1535 1699
1535 1985
1536 1700
1536 1701
1537 1703
1537 2052
1538 1537
1539 1704
1539 1705
1540 1707
1540 2053
1541 1664
1541 1665
1542 1666
1542 1667
1543 1668
1543 1669
1544 1670
1544 1671
1545 1675
1545 1676
1546 1545
1547 1677
1547 1678
1548 1679
1548 1680
1549 1709
1549 1986
1550 1711
1550 1987
1551 1713
1551 1829
1552 1714
1552 1988
1553 1552
1554 1715
1554 1716
1555 1718
1555 2054
1556 1636
1557 1636
1558 1637
1559 1637
1560 1719
1560 1720
1561 1692
1561 1860
1562 1994
1567 1726
1568 1643
1569 1645
1570 1647
1571 1649
1572 1651
1573 1731
1574 1652
1575 1732
1576 1653
1577 1654
1578 1656
1579 1658
1580 1660
1581 1662
1582 1776
1583 2218
1584 2220
1585 2266
1586 2268
1587 1741
1588 1672
1589 1742
1590 1673
1591 1674
1592 1676
1593 1680
1594 1746
1595 1681
1596 1787
1597 1683
1598 1684
1599 1685
1600 1686
1601 1747
1602 1748
1603 1749
1604 1750
1606 1687
1607 1688
1608 1689
1609 1690
1610 1691
1611 1693
1611 1725
1612 2098
1613 2154
1614 2186
1615 2100
1616 2156
1617 2188
1618 2142
1619 2174
1620 2206
1621 2240
1622 2242
1623 2144
1624 2176
1625 2208
1626 2104
1627 2160
1628 2106
1629 2162
1630 2164
1631 2196
1632 2228
1633 2245
1634 2181
1635 2213
1636 1751
1636 1882
1637 1752
1637 1883
1638 1721
1639 1722
1640 1723
1641 1724
1642 2049
1643 1726
1644 1727
1645 1765
1646 1728
1647 1766
1648 1729
1649 1767
1650 1730
1651 1768
1652 1731
1653 1732
1654 1770
1654 1775
1654 1812
1654 1813
1654 1814
1655 1733
1656 1771
1657 1734
1658 1772
1659 1735
1660 1773
1661 1736
1662 1774
1663 1776
1663 2249
1664 1737
1665 1777
1666 1738
1667 1778
1668 1739
1669 1779
1670 1740
1671 1780
1672 1741
1673 1742
1674 1782
1674 1786
1674 1817
1674 1818
1674 1819
1675 1743
1676 1783
1677 1744
1678 1784
1679 1745
1680 1785
1681 1746
1682 1787
1682 2255
1683 1747
1684 1748
1685 1749
1686 1750
1687 1760
1687 1761
1687 1762
1687 1763
1687 1764
1688 1758
1689 1758
1690 1759
1691 1759
1692 1824
1694 1753
1695 1753
1696 1788
1696 1789
1697 1910
1698 1790
1698 1791
1699 1912
1700 1754
1701 1792
1702 1793
1702 1893
1703 2030
1704 1755
1705 1794
1706 1795
1706 1894
1707 2032
1708 1796
1708 1797
1709 1916
1710 1798
1710 1799
1711 1918
1712 1800
1712 1801
1713 1801
1714 1920
1715 1756
1716 1802
1717 1803
1717 1895
1718 2037
1719 1757
1720 1806
1725 2049
1726 1807
1726 1820
1727 1765
1728 1766
1729 1767
1730 1768
1731 1769
1732 1839
1733 1771
1734 1772
1735 1773
1736 1774
1737 1777
1738 1778
1739 1779
1740 1780
1741 1781
1742 1844
1743 1783
1744 1784
1745 1785
1746 1808
1746 1821
1747 1804
1748 1804
1749 1805
1750 1805
1751 1848
1752 1850
1753 1809
1753 1983
1753 2046
1754 1792
1755 1794
1756 1802
1757 1806
1758 1822
1758 1889
1759 1823
1759 1824
1760 1933
1761 1941
1762 1947
1764 1967
1765 1812
1766 1810
1767 1813
1768 1811
1769 1814
1770 1837
1770 1838
1770 1839
1770 1840
1771 1833
1771 1861
1772 1832
1772 1853
1773 1831
1773 1852
1774 1830
1774 1851
1775 1877
1776 1841
1776 2251
1777 1817
1778 1815
1779 1818
1780 1816
1781 1819
1782 1842
1782 1843
1782 1844
1782 1845
1783 1836
1783 1862
1784 1835
1784 1856
1785 1834
1785 1855
1786 1881
1787 1846
1787 2257
1788 1825
1789 1863
1790 1826
1791 1864
1792 1865
1792 1866
1793 1866
1794 1867
1794 1868
1795 1868
1796 1827
1797 1869
1798 1828
1799 1870
1800 1829
1801 1871
1802 1872
1802 1873
1803 1873
1804 1847
1804 1848
1805 1849
1805 1850
1806 1858
1806 1859
1807 1991
1808 1994
1809 2013
1810 1837
1811 1838
1812 1874
1813 1875
1814 1876
1815 1842
1816 1843
1817 1878
1818 1879
1819 1880
1820 1854
1821 1857
1822 1858
1823 1860
1824 1890
1825 1863
1826 1864
1827 1869
1828 1870
1829 1871
1830 1991
1831 1991
1832 1990
1833 1990
1834 1994
1835 1993
1836 1993
1837 1874
1838 1875
1839 1876
1840 1877
1841 2252
1842 1878
1843 1879
1844 1880
1845 1881
1846 2258
1847 1882
1848 1906
1849 1883
1850 1907
1851 1884
1852 1885
1853 1886
1854 1896
1854 1898
1854 1900
1854 1904
1854 1905
1855 1887
1856 1888
1857 1897
1857 1899
1857 1901
1857 1902
1857 1903
1858 1908
1859 1889
1860 1890
1861 1891
1862 1892
1863 1909
1863 1910
1864 1911
1864 1912
1865 1893
1866 1913
1867 1894
1868 1914
1869 1915
1869 1916
1870 1917
1870 1918
1871 1919
1871 1920
1872 1895
1873 1921
1874 1925
1874 1978
1875 1924
1875 1977
1876 1923
1876 1976
1877 1922
1877 1975
1878 1929
1878 1930
1878 1962
1878 1982
1878 1983
1878 2047
1879 1928
1879 1981
1880 1927
1880 1980
1881 1926
1881 1979
1882 1906
1883 1907
1884 1934
1884 1942
1884 1954
1884 1961
1884 1971
1885 1936
1885 1944
1885 1953
1885 1960
1885 1970
1886 1938
1886 1946
1886 1951
1886 1958
1886 1969
1887 1935
1887 1943
1887 1952
1887 1959
1887 1965
1888 1937
1888 1945
1888 1950
1888 1957
1888 1964
1889 1908
1890 1966
1890 1974
1891 1932
1891 1940
1891 1949
1891 1956
1891 1968
1892 1931
1892 1939
1892 1948
1892 1955
1892 1963
1893 1913
1894 1914
1895 1921
1896 1933
1897 1997
1898 1941
1899 2002
1900 1947
1901 2008
1902 2012
1904 1967
1906 1972
1906 2015
1907 1973
1907 2016
1908 2017
1908 2018
1909 1984
1910 2027
1911 1985
1912 2028
1913 2029
1913 2030
1914 2031
1914 2032
1915 1986
1916 2033
1917 1987
1918 2034
1919 1988
1920 2035
1921 2036
1921 2037
1922 1990
1923 1990
1924 1989
1925 1989
1926 1993
1927 1993
1928 1992
1929 1992
1931 1995
1932 1995
1933 1996
1934 1997
1935 1998
1936 1998
1937 1999
1938 1999
1939 2000
1940 2000
1941 2001
1942 2002
1943 2003
1944 2003
1945 2004
1946 2004
1948 2005
1949 2005
1950 2006
1951 2006
1952 2007
1953 2007
1954 2008
1955 2009
1956 2009
1957 2010
1958 2010
1959 2011
1960 2011
1961 2012
1962 2013
1966 2014
1974 2305
1975 2019
1976 2020
1977 2021
1978 2022
1979 2023
1980 2024
1981 2025
1982 2026
1983 2046
1983 2047
1984 2027
1985 2028
1986 2033
1987 2034
1988 2035
1990 1989
1991 1989
1993 1992
1994 1992
1995 2038
1997 2039
1998 2040
1999 2041
2000 2042
2002 2043
2003 2044
2004 2045
2013 2048
2014 2300
2015 2050
2016 2049
2017 2051
2018 2304
2019 2056
2019 2064
2019 2080
2019 2086
2019 2096
2020 2058
2020 2066
2020 2078
2020 2084
2020 2095
2021 2060
2021 2068
2021 2076
2021 2082
2021 2094
2022 2062
2022 2070
2022 2072
2022 2074
2022 2093
2023 2055
2023 2063
2023 2079
2023 2085
2023 2091
2024 2057
2024 2065
2024 2077
2024 2083
2024 2090
2025 2059
2025 2067
2025 2075
2025 2081
2025 2089
2026 2061
2026 2069
2026 2071
2026 2073
2026 2088
2027 2097
2027 2098
2028 2099
2028 2100
2029 2052
2030 2101
2031 2053
2032 2102
2033 2103
2033 2104
2034 2105
2034 2106
2035 2107
2035 2108
2036 2054
2037 2109
2046 2087
2047 2087
2049 2092
2050 2049
2051 2301
2052 2101
2053 2102
2054 2109
2055 2110
2056 2110
2057 2111
2058 2111
2059 2112
2060 2112
2061 2113
2062 2113
2063 2114
2064 2114
2065 2115
2066 2115
2067 2116
2068 2116
2069 2117
2070 2117
2071 2118
2072 2118
2073 2119
2074 2119
2075 2120
2076 2120
2077 2121
2078 2121
2079 2122
2080 2122
2081 2123
2082 2123
2083 2124
2084 2124
2085 2125
2086 2125
2097 2126
2098 2139
2099 2127
2100 2140
2101 2141
2101 2142
2102 2143
2102 2144
2103 2128
2104 2145
2105 2129
2106 2146
2107 2130
2108 2147
2109 2148
2109 2149
2110 2131
2111 2132
2112 2133
2113 2134
2114 2135
2115 2136
2116 2137
2117 2138
2126 2139
2127 2140
2128 2145
2129 2146
2130 2147
2139 2153
2139 2154
2140 2155
2140 2156
2141 2150
2142 2157
2143 2151
2144 2158
2145 2159
2145 2160
2146 2161
2146 2162
2147 2163
2147 2164
2148 2152
2149 2165
2150 2157
2151 2158
2152 2165
2153 2166
2154 2171
2155 2167
2156 2172
2157 2173
2157 2174
2158 2175
2158 2176
2159 2168
2160 2177
2161 2169
2162 2178
2163 2170
2164 2179
2165 2180
2165 2181
2166 2171
2167 2172
2168 2177
2169 2178
2170 2179
2171 2185
2171 2186
2172 2187
2172 2188
2173 2182
2174 2189
2175 2183
2176 2190
2177 2191
2177 2192
2178 2193
2178 2194
2179 2195
2179 2196
2180 2184
2181 2197
2182 2189
2183 2190
2184 2197
2185 2198
2186 2203
2187 2199
2188 2204
2189 2205
2189 2206
2190 2207
2190 2208
2191 2200
2192 2209
2193 2201
2194 2210
2195 2202
2196 2211
2197 2212
2197 2213
2198 2203
2199 2204
2200 2209
2201 2210
2202 2211
2203 2217
2203 2218
2204 2219
2204 2220
2205 2214
2206 2225
2207 2215
2208 2226
2209 2221
2209 2222
2210 2223
2210 2224
2211 2227
2211 2228
2212 2216
2213 2229
2214 2225
2215 2226
2216 2229
2217 2230
2218 2235
2219 2231
2220 2236
2221 2232
2222 2237
2223 2233
2224 2238
2225 2239
2225 2240
2226 2241
2226 2242
2227 2234
2228 2243
2229 2244
2229 2245
2230 2235
2231 2236
2232 2237
2233 2238
2234 2243
2235 2250
2235 2252
2236 2249
2236 2251
2237 2256
2237 2258
2238 2255
2238 2257
2239 2246
2240 2259
2241 2247
2242 2260
2243 2253
2243 2254
2244 2248
2245 2261
2246 2259
2247 2260
2248 2261
2249 2263
2250 2263
2251 2263
2252 2263
2253 2262
2254 2269
2255 2264
2256 2264
2257 2264
2258 2264
2259 2265
2259 2266
2260 2267
2260 2268
2261 2270
2261 2271
2262 2269
2263 2274
2263 2292
2264 2277
2264 2293
2265 2272
2266 2278
2267 2273
2268 2279
2269 2276
2270 2275
2271 2280
2272 2278
2273 2279
2274 2288
2275 2280
2276 2287
2277 2290
2278 2282
2279 2281
2280 2283
2281 2284
2282 2286
2283 2285
2284 2286
2285 2287
2286 2288
2286 2289
2287 2290
2287 2291
2288 2294
2289 2292
2290 2295
2291 2293
2292 2294
2293 2295
2294 2297
2294 2298
2295 2296
2295 2299
2296 2300
2297 2301
2298 2302
2299 2303
2302 2304
2303 2305
2304 2306
2304 2308
2305 2307
2305 2309
2306 2310
2307 2311
2308 2312
2309 2313
2310 2319
2310 2321
2311 2318
2311 2320
2312 2315
2312 2317
2313 2314
2313 2316
2314 2324
2315 2324
2316 2325
2317 2325
2318 2322
2319 2322
2320 2323
2321 2323
2322 2326
2323 2327
2326 2328
2327 2329
