0 73
0 149
0 184
0 262
0 317
0 338
0 351
0 403
0 444
1 65
1 75
1 105
1 114
1 160
1 183
1 299
1 311
1 337
1 344
1 406
1 447
2 507
2 553
2 573
2 608
2 664
2 683
2 702
2 725
2 733
3 66
3 77
3 106
3 117
3 159
3 185
3 195
3 276
3 293
3 313
3 331
3 347
3 407
3 446
5 4
6 4
8 7
9 5
9 8
10 5
10 7
11 10
13 12
14 12
15 14
16 15
17 14
18 16
18 17
19 18
20 19
21 14
22 21
23 22
24 17
24 23
25 15
25 23
26 22
27 15
27 18
27 26
28 6
28 24
28 27
29 28
30 16
30 26
32 21
32 31
33 17
33 32
34 31
35 34
36 35
37 36
38 6
38 20
38 37
39 35
40 6
40 19
40 30
40 39
41 13
41 34
42 41
43 41
44 10
44 43
45 44
46 45
47 46
48 44
49 48
50 49
51 50
52 51
53 52
54 53
55 53
56 51
57 56
58 51
59 49
60 47
60 59
61 49
62 61
63 61
64 61
65 64
66 64
67 61
68 67
69 67
70 67
71 49
72 71
73 71
74 71
75 74
76 74
77 74
78 71
79 78
80 78
81 78
82 10
82 42
83 82
84 83
85 84
86 84
87 82
88 87
89 88
90 89
91 89
92 89
93 92
94 93
95 94
96 95
97 93
98 97
99 98
100 87
101 100
102 101
103 101
104 101
105 104
106 104
107 101
108 107
109 107
110 100
111 110
112 110
113 110
114 113
115 113
116 115
117 113
118 110
119 118
120 118
121 118
122 87
123 82
124 123
126 43
126 125
127 126
128 126
129 125
130 10
130 127
130 129
131 130
132 130
133 132
134 133
135 133
136 135
137 136
138 137
139 137
140 137
141 72
141 140
142 137
143 142
144 136
145 144
146 144
147 112
147 146
148 144
149 144
150 133
151 150
152 151
153 152
154 152
155 152
156 152
157 151
158 157
159 151
160 151
161 132
162 161
163 91
163 162
164 162
165 162
166 88
166 161
167 132
168 130
169 168
170 169
172 11
172 171
173 172
174 172
175 42
175 171
175 174
176 175
177 173
177 175
178 177
179 178
180 179
181 179
182 179
183 182
184 182
185 182
186 179
187 107
187 186
188 186
189 186
190 78
190 118
190 186
191 178
192 191
193 191
194 191
195 194
196 194
197 196
198 191
199 198
200 198
201 67
201 107
201 198
202 178
203 50
203 166
203 202
204 202
205 204
206 56
206 58
206 90
206 163
206 204
207 204
208 207
209 52
209 91
209 164
209 205
209 208
210 56
210 92
210 165
210 209
211 177
212 122
212 167
212 211
213 59
213 203
213 212
214 175
215 176
215 214
216 211
216 215
217 216
218 215
219 218
220 218
221 220
222 220
223 214
224 223
225 123
225 170
225 224
226 225
227 86
227 226
228 227
229 128
229 131
229 169
229 224
230 167
230 219
230 229
231 221
231 230
232 231
233 229
234 233
235 221
235 234
236 233
237 236
238 225
238 234
238 237
239 45
239 86
239 219
239 238
240 239
241 47
241 240
242 235
242 236
243 242
244 243
245 228
245 244
246 227
246 234
246 237
246 244
247 219
247 246
248 247
249 248
250 9
250 33
251 250
252 251
253 251
254 250
255 254
256 255
257 256
258 256
259 256
260 259
261 259
262 259
263 256
264 263
265 264
266 264
267 264
268 263
269 255
270 269
271 269
272 111
272 139
272 271
273 269
274 273
275 64
275 273
276 273
277 269
278 277
279 277
280 277
281 280
282 254
283 254
284 9
284 33
285 284
286 285
287 286
288 286
289 284
290 289
291 290
292 291
293 140
293 267
293 292
294 291
295 158
295 294
296 291
297 296
298 297
299 296
300 291
301 300
302 301
303 300
304 300
305 300
306 290
307 306
308 307
309 306
310 306
311 310
312 104
312 310
313 310
314 306
315 198
315 314
316 314
317 314
318 290
319 289
320 284
321 320
322 9
322 30
322 38
322 39
323 322
324 322
325 324
326 325
327 326
328 326
329 326
330 329
331 329
332 326
333 332
334 333
335 334
336 153
336 192
336 267
336 335
337 332
338 332
339 332
340 325
341 340
342 340
343 340
344 343
345 343
346 157
346 345
347 343
348 340
349 348
350 348
351 348
352 277
352 314
352 348
353 325
354 324
355 322
356 355
357 356
358 9
358 37
358 40
359 358
360 45
360 251
360 359
361 359
362 321
362 361
363 361
364 361
365 364
366 365
367 323
367 356
367 366
368 367
369 368
370 319
370 369
371 287
371 320
371 357
371 366
372 371
373 372
374 373
375 374
376 252
376 375
377 373
378 371
379 251
379 369
379 378
380 287
380 357
380 365
381 363
381 380
382 381
383 359
384 383
385 384
386 384
387 383
388 387
389 46
389 388
390 387
391 358
392 48
392 87
392 132
392 177
392 254
392 289
392 324
392 360
392 391
393 124
393 128
393 131
393 176
393 323
393 362
393 392
394 393
395 391
396 391
397 396
398 397
399 398
400 399
401 400
402 328
402 401
403 63
403 103
403 112
403 156
403 192
403 271
403 302
403 401
404 400
405 302
405 404
406 139
406 193
406 257
406 281
406 404
407 400
408 400
409 292
409 408
410 399
411 410
412 103
412 193
412 266
412 294
412 327
412 411
413 410
414 156
414 257
414 413
415 399
416 69
416 80
416 108
416 120
416 188
416 200
416 260
416 279
416 304
416 316
416 350
416 415
417 399
418 70
418 109
418 199
418 261
418 295
418 330
418 417
419 396
420 419
421 420
422 421
423 422
424 62
424 72
424 102
424 111
424 155
424 181
424 266
424 270
424 309
424 335
424 342
424 408
424 423
425 148
425 197
425 305
425 424
426 421
427 138
427 181
427 426
428 146
428 153
428 328
428 416
428 426
429 421
430 429
431 76
431 115
431 274
431 418
431 430
432 138
432 180
432 307
432 341
432 431
433 429
434 68
434 79
434 119
434 187
434 278
434 315
434 339
434 349
434 433
435 142
435 154
435 265
435 298
435 411
435 434
436 432
436 435
437 436
438 421
439 194
439 438
440 81
440 121
440 189
440 275
440 303
440 312
440 439
441 145
441 258
441 327
441 346
441 413
441 440
442 428
442 441
443 442
444 438
445 444
446 438
447 438
448 1
448 425
448 432
448 441
449 0
449 3
449 428
449 435
449 448
450 0
450 1
450 3
450 425
450 436
450 442
451 391
452 451
453 452
454 318
454 353
454 452
455 282
455 454
456 213
456 283
456 319
456 354
456 395
456 455
457 263
457 396
457 453
457 455
458 301
458 333
458 352
458 457
459 134
459 190
459 201
459 203
459 458
460 459
463 462
465 464
466 465
467 466
468 96
468 467
469 464
470 469
471 469
472 471
473 381
473 472
474 462
474 473
475 474
476 475
477 474
478 477
479 478
480 476
480 479
481 476
481 478
482 473
483 462
483 473
484 390
484 479
484 483
485 472
486 485
487 486
488 382
488 461
488 463
488 482
488 487
489 395
489 475
489 484
489 488
490 489
491 490
492 491
493 0
493 1
493 437
493 492
494 492
495 491
496 491
497 490
498 462
498 473
498 489
499 385
499 497
499 498
500 499
501 500
502 501
503 502
504 501
505 501
506 500
507 499
508 499
509 498
510 494
510 509
511 498
512 495
512 496
512 510
512 511
513 512
514 512
515 514
516 515
517 515
518 515
519 388
519 486
520 485
521 386
521 471
522 521
523 368
523 522
524 523
525 253
525 376
525 379
525 519
525 524
526 525
527 525
528 527
529 283
529 488
529 528
530 529
531 526
531 530
532 530
533 530
534 523
535 534
536 535
537 370
537 372
537 519
537 524
537 536
538 537
539 481
539 488
539 537
540 539
541 538
541 540
542 540
543 540
544 539
545 377
545 536
546 481
546 529
546 545
547 531
547 546
548 547
549 548
550 549
551 549
552 549
553 547
554 547
555 546
556 533
556 555
557 546
558 532
558 556
558 557
559 558
560 558
561 560
562 561
563 561
564 561
565 477
565 535
565 544
566 541
566 565
567 566
568 567
569 568
570 568
571 568
572 567
573 566
574 566
575 565
576 543
576 575
577 565
578 542
578 576
578 577
579 578
580 578
581 580
582 581
583 581
584 581
585 367
585 519
585 522
586 585
587 585
588 474
588 587
589 354
589 488
589 588
590 589
591 590
592 586
592 591
593 591
594 591
595 521
596 483
596 595
597 589
597 596
598 592
598 597
599 598
600 599
601 600
602 600
603 600
604 603
605 604
606 605
607 604
608 598
609 155
609 258
609 606
609 608
610 598
611 508
611 554
611 574
611 610
612 611
613 612
614 597
615 594
615 614
616 597
617 593
617 615
617 616
618 617
619 513
619 559
619 579
619 618
620 512
620 558
620 578
620 617
621 619
621 620
622 621
623 396
623 622
624 617
625 624
626 625
627 625
628 625
629 464
630 629
632 631
633 632
634 90
634 633
635 95
635 634
636 631
637 632
637 636
638 85
638 170
638 223
638 252
638 637
639 253
639 374
639 482
639 524
639 638
640 463
640 639
641 640
642 641
643 642
644 643
645 644
646 231
646 643
647 641
648 379
648 382
648 638
649 487
649 519
649 648
650 649
651 461
651 650
652 122
652 247
652 645
652 651
653 652
654 653
655 653
656 653
657 243
657 644
657 652
658 249
658 654
658 657
659 658
660 659
661 660
662 660
663 660
664 658
665 658
666 657
667 657
668 646
668 651
669 668
670 232
670 669
671 669
672 669
673 222
673 642
673 668
674 670
674 673
675 674
676 675
677 676
678 676
679 678
680 678
681 504
681 680
682 676
683 674
684 674
685 673
686 673
687 216
687 647
687 651
688 687
689 217
689 688
690 688
691 688
692 640
692 687
693 689
693 692
694 693
695 694
696 695
697 695
698 635
698 697
699 662
699 698
700 698
701 695
702 693
703 154
703 208
703 341
703 423
703 698
703 702
704 693
705 692
706 691
706 705
707 692
708 60
708 240
708 651
709 245
709 645
709 708
710 709
711 709
712 460
712 511
712 557
712 577
712 616
712 667
712 686
712 707
712 711
713 708
714 241
714 713
715 709
715 714
716 715
717 716
718 717
719 717
720 719
721 717
722 505
722 551
722 570
722 601
722 663
722 681
722 701
722 721
723 552
723 571
723 607
723 661
723 682
723 696
723 718
723 722
724 548
724 572
724 599
724 659
724 675
724 694
724 716
725 715
726 715
727 665
727 684
727 704
727 726
728 727
729 506
729 611
729 724
729 727
730 729
731 730
732 731
733 611
733 727
734 713
735 713
736 649
737 222
737 249
737 736
738 217
738 228
738 232
738 241
738 242
738 377
738 526
738 534
738 538
738 639
738 650
738 737
739 385
739 738
740 586
740 595
740 739
741 736
742 741
743 509
743 555
743 575
743 614
743 666
743 685
743 705
743 710
743 742
744 742
745 744
746 672
746 685
746 744
747 741
748 747
749 671
749 686
749 746
749 748
750 749
751 750
752 751
753 751
754 753
755 751
756 749
757 690
757 706
757 707
757 742
757 748
758 757
759 758
760 759
761 760
762 57
762 145
762 180
762 270
762 445
762 725
762 761
763 150
763 190
763 210
763 268
763 296
763 329
763 352
763 397
763 723
763 732
763 761
764 759
765 759
766 757
767 757
768 710
768 735
768 747
769 711
769 734
769 742
769 768
770 769
771 770
772 771
773 771
774 771
775 769
776 656
776 666
776 747
777 655
777 667
777 745
777 776
778 777
779 778
780 779
781 779
782 517
782 563
782 583
782 627
782 755
782 764
782 773
782 781
783 779
784 518
784 564
784 584
784 628
784 753
784 765
784 774
784 782
784 783
785 749
785 769
785 777
786 777
787 756
787 775
787 786
788 514
788 560
788 580
788 619
788 624
788 750
788 758
788 770
788 778
788 787
789 766
789 788
790 789
791 785
791 787
792 766
792 791
793 767
793 792
794 94
794 622
794 793
795 632
795 636
796 83
796 168
796 214
796 285
796 355
796 392
796 633
796 795
798 797
799 798
800 799
801 206
801 210
801 796
801 798
802 797
803 802
804 803
805 804
806 804
807 804
808 804
809 803
810 809
811 809
812 809
813 809
814 801
814 802
815 797
816 815
817 469
817 816
818 629
818 802
818 817
819 2
819 465
819 470
819 730
819 818
820 612
820 621
820 633
820 728
820 740
820 814
820 818
821 2
821 213
821 394
821 449
821 613
821 677
821 720
821 740
821 814
821 818
822 815
823 55
823 795
823 822
825 824
826 99
826 825
827 825
828 98
828 827
829 205
829 824
830 829
831 798
831 830
832 829
833 58
834 833
835 91
835 309
835 664
835 834
837 602
837 823
837 836
839 165
839 838
840 630
840 677
840 839
841 164
841 308
841 342
841 683
841 834
841 840
842 839
843 54
843 838
844 466
844 843
845 843
846 845
847 63
847 95
847 451
847 467
847 503
847 507
847 823
847 836
847 846
848 843
849 62
849 282
849 346
849 553
849 836
849 845
849 848
850 844
850 846
850 848
851 102
851 158
851 265
851 503
851 569
851 573
851 850
