2 1
3 2
4 3
5 3
6 5
7 6
8 6
9 8
10 5
11 10
12 10
13 12
14 5
15 14
16 14
17 16
18 1
19 2
19 18
20 12
20 19
22 21
23 22
24 23
25 22
26 25
27 25
28 27
29 21
31 30
32 31
33 32
34 31
35 34
36 34
37 30
39 38
40 39
42 41
43 42
45 44
46 45
49 48
50 49
52 51
53 52
55 54
56 55
57 40
57 43
57 46
57 50
57 53
57 56
58 2
58 57
59 37
59 58
60 59
61 0
61 60
62 59
63 47
63 62
64 59
65 59
66 58
67 29
67 66
68 67
69 67
70 69
71 67
72 67
73 38
73 41
73 44
73 48
73 51
73 54
75 70
75 74
77 69
77 76
79 68
79 78
81 68
81 80
83 68
83 82
85 71
85 84
86 77
86 83
86 85
87 11
87 19
87 79
87 81
87 83
87 85
88 87
90 72
90 89
91 75
91 81
91 90
93 62
93 92
95 68
95 94
96 79
96 95
97 86
97 91
97 96
98 97
99 24
99 26
99 98
101 60
101 100
102 101
103 15
103 20
103 61
103 63
103 101
105 60
105 104
106 16
106 20
106 105
108 65
108 107
109 9
109 61
109 83
109 90
109 108
110 102
110 109
112 64
112 111
113 9
113 63
113 75
113 85
113 96
113 112
114 102
114 113
115 108
115 112
116 17
116 86
116 93
116 115
117 8
117 95
117 101
117 106
117 115
118 117
120 60
120 119
121 91
121 96
121 103
121 105
121 116
121 120
122 40
122 121
123 121
124 39
124 123
125 124
126 125
127 124
128 127
129 128
130 127
131 17
131 96
131 116
131 120
132 91
132 103
132 105
132 131
133 132
134 49
134 133
135 134
136 134
137 136
138 61
138 63
138 93
138 120
139 4
139 79
139 86
139 91
139 138
140 139
141 118
141 122
141 140
142 4
142 117
142 139
143 142
144 52
144 143
145 144
146 145
147 24
147 146
148 144
149 136
149 148
150 28
150 149
151 150
152 130
152 151
153 80
153 152
154 150
155 154
156 101
156 105
156 115
156 138
157 156
158 157
159 35
159 158
160 3
160 97
160 157
161 98
161 158
161 160
162 75
162 77
162 90
162 95
162 156
163 13
163 162
164 163
165 13
165 87
165 163
166 56
166 165
167 88
167 164
167 166
168 165
169 55
169 168
170 169
171 36
171 170
172 171
173 148
173 172
174 173
175 126
175 174
176 119
176 175
177 173
178 177
179 135
179 172
180 179
181 126
181 180
182 104
182 181
183 179
184 183
185 169
186 185
187 149
187 185
188 28
188 187
189 188
190 189
191 188
192 36
192 187
193 92
193 192
194 7
194 81
194 93
194 106
194 120
195 77
195 109
195 114
195 194
196 195
197 45
197 196
198 197
199 198
200 151
200 199
201 84
201 200
202 174
202 199
203 47
203 202
204 198
205 189
205 204
206 130
206 205
207 74
207 206
208 204
209 137
209 208
210 2
210 18
210 26
210 32
210 35
210 37
210 98
210 146
210 158
210 209
211 197
212 27
212 125
212 211
213 145
213 212
214 78
214 213
215 170
215 212
216 94
216 215
217 211
218 180
218 217
219 111
219 218
220 77
220 110
220 113
220 194
221 220
222 123
222 133
222 141
222 143
222 168
222 196
222 221
223 42
223 221
224 223
225 224
226 183
226 225
227 107
227 226
228 177
228 225
229 0
229 228
230 171
230 224
231 217
231 230
232 100
232 231
233 223
234 233
235 128
235 190
235 234
236 89
236 235
237 234
238 129
238 237
239 23
239 29
239 73
239 160
239 186
239 210
239 238
240 233
241 205
241 240
242 76
242 241
243 154
243 240
244 82
244 243
