1 0
3 2
5 4
7 6
8 1
8 3
8 5
8 7
9 8
11 10
13 12
15 14
17 16
18 11
18 13
18 15
18 17
19 18
20 19
22 21
24 23
26 25
28 27
29 22
29 24
29 26
29 28
30 29
31 30
33 32
35 34
37 36
39 38
40 33
40 35
40 37
40 39
41 40
42 9
42 19
42 30
42 41
43 42
44 42
46 45
48 47
50 49
52 51
53 46
53 48
53 50
53 52
54 53
55 44
55 54
57 56
59 58
61 60
63 62
64 57
64 59
64 61
64 63
65 64
66 65
68 67
70 69
72 71
74 73
75 68
75 70
75 72
75 74
76 75
77 76
78 24
78 35
78 44
78 65
78 77
79 22
79 33
79 43
79 66
79 76
81 80
83 82
85 84
87 86
88 81
88 83
88 85
88 87
89 88
90 54
90 65
90 76
90 89
91 90
92 19
92 31
92 50
92 85
92 91
93 41
93 91
94 9
94 20
94 30
94 59
94 70
94 93
95 9
95 31
95 63
95 74
95 93
96 90
97 20
97 52
97 87
97 95
97 96
98 97
99 98
100 97
101 100
102 100
103 102
104 9
104 96
105 41
105 61
105 72
105 92
105 104
106 105
107 106
108 105
109 108
110 108
111 110
112 19
112 41
112 57
112 68
112 104
113 30
113 46
113 81
113 91
113 112
114 113
115 114
116 80
116 115
117 98
117 115
118 117
119 117
120 106
120 114
121 120
122 120
123 113
124 123
125 124
126 123
127 48
127 83
127 94
127 96
128 127
129 128
130 82
130 129
131 99
131 129
132 131
133 131
134 107
134 128
135 134
136 134
137 127
138 137
139 137
140 139
141 5
141 15
141 55
141 66
141 76
141 89
142 26
142 37
142 43
142 141
143 142
144 143
145 25
145 118
145 144
146 4
146 121
146 144
147 36
147 132
147 143
148 142
149 148
150 14
150 135
150 149
151 148
152 151
153 43
153 89
154 3
154 13
154 54
154 78
154 153
155 154
156 155
157 156
158 34
158 133
158 157
159 149
159 156
160 159
161 62
161 101
161 160
162 60
162 107
162 160
163 159
164 154
165 164
166 23
166 119
166 165
167 2
167 121
167 165
168 164
169 168
170 12
170 136
170 169
171 168
172 7
172 17
172 54
172 65
172 77
172 153
173 28
173 39
173 44
173 172
174 173
175 174
176 27
176 118
176 175
177 16
177 135
177 175
178 38
178 132
178 174
179 173
180 179
181 180
182 179
183 155
183 182
184 183
185 86
185 99
185 184
186 130
186 184
187 183
188 116
188 187
189 1
189 11
189 55
189 79
189 89
190 189
191 190
192 190
193 189
194 151
194 193
195 194
196 51
196 101
196 195
197 49
197 109
197 195
198 194
199 47
199 198
200 193
201 182
201 200
202 201
203 73
203 102
203 202
204 67
204 202
205 124
205 204
206 201
207 71
207 109
207 206
208 200
