0 317
0 321
0 338
0 366
0 633
0 660
0 677
0 680
0 699
1 226
1 230
1 237
1 246
1 258
1 267
1 275
1 278
1 285
2 318
2 335
2 353
2 367
2 647
2 661
2 678
2 696
2 719
3 310
3 314
3 326
3 332
3 343
3 352
3 358
3 363
3 640
3 646
3 654
3 659
3 667
3 674
3 685
3 691
3 706
3 714
4 227
4 234
4 241
4 247
4 262
4 268
4 276
4 282
4 293
5 28
5 64
5 307
5 316
5 327
5 334
5 344
5 351
5 360
5 365
5 432
5 543
5 639
5 645
5 653
5 658
5 666
5 673
5 687
5 695
5 708
5 718
14 15
14 16
14 17
14 18
14 19
25 24
26 24
27 26
28 24
32 31
33 31
34 31
35 31
37 36
38 37
39 38
40 39
41 40
42 41
43 42
44 43
45 44
46 45
47 44
48 47
49 42
50 41
51 50
52 50
53 37
54 53
55 54
56 37
57 54
59 58
61 60
62 60
63 62
64 60
69 68
70 68
71 70
72 70
73 72
74 72
75 68
76 75
77 76
78 76
79 73
79 78
80 78
82 81
86 85
87 85
88 85
89 85
91 90
92 90
93 92
94 90
95 90
97 96
98 96
99 98
100 96
101 96
103 102
104 103
105 103
106 105
107 102
108 102
110 109
111 109
112 109
113 109
115 114
116 114
117 116
118 114
119 114
121 120
122 121
123 122
124 120
125 120
126 120
128 127
129 127
130 127
131 127
133 132
134 132
135 132
136 132
138 137
139 138
140 138
141 137
142 137
144 143
145 143
146 145
147 143
148 143
150 149
151 150
152 150
153 149
154 149
156 155
157 155
158 157
159 155
160 155
162 161
163 161
164 163
165 161
166 161
168 167
169 168
170 167
171 167
172 167
174 173
175 173
176 173
177 173
179 178
180 178
181 180
182 139
182 146
182 151
182 158
182 164
182 169
182 181
183 178
184 178
186 185
187 133
187 174
187 182
187 186
188 185
189 134
189 140
189 144
189 152
189 156
189 162
189 171
189 175
189 179
189 188
190 185
191 135
191 141
191 147
191 153
191 159
191 165
191 172
191 176
191 183
191 190
192 185
193 136
193 142
193 148
193 154
193 160
193 166
193 170
193 177
193 184
193 192
194 189
194 193
195 191
195 193
196 22
197 196
198 196
200 199
201 200
202 201
203 201
205 204
206 33
206 87
206 91
206 97
206 106
206 111
206 115
206 125
206 129
206 205
207 204
208 207
209 93
209 99
209 104
209 117
209 122
209 208
210 32
210 86
210 110
210 128
210 209
211 204
212 34
212 88
212 94
212 100
212 107
212 112
212 118
212 126
212 130
212 211
213 204
214 35
214 89
214 95
214 101
214 108
214 113
214 119
214 124
214 131
214 213
215 210
215 214
216 212
216 214
218 217
219 218
220 219
221 219
223 222
224 223
225 223
226 223
227 222
228 222
230 229
231 229
232 231
233 231
234 229
235 229
237 236
238 236
239 238
240 238
241 236
242 236
244 243
245 243
246 243
247 243
249 248
250 249
251 250
252 250
253 248
254 253
255 254
256 254
258 257
259 257
260 259
261 259
262 257
263 257
265 264
266 264
267 264
268 264
270 269
271 269
272 271
273 271
274 273
275 269
276 269
278 277
279 277
280 279
281 279
282 277
283 277
285 284
286 284
287 286
288 224
288 232
288 239
288 260
288 280
288 287
289 245
289 266
289 270
289 288
290 286
291 225
291 233
291 240
291 261
291 272
291 281
291 290
292 244
292 265
292 291
293 284
294 1
294 4
294 249
295 4
295 251
295 256
295 289
296 284
298 297
299 298
300 299
301 299
303 302
304 303
305 105
305 151
305 225
305 304
306 305
307 305
308 307
309 307
310 305
311 303
312 104
312 224
312 311
313 153
313 312
314 313
315 313
316 313
317 303
318 302
319 302
321 320
322 320
323 322
324 146
324 233
324 323
325 97
325 324
326 325
327 325
328 325
329 322
330 99
330 232
330 329
331 147
331 330
332 331
333 331
334 331
335 320
336 320
338 337
339 337
340 339
341 139
341 240
341 340
342 91
342 341
343 342
344 342
345 342
346 345
347 339
348 93
348 239
348 347
349 141
349 348
350 349
351 349
352 349
353 337
354 337
356 355
357 33
357 66
357 186
357 244
357 356
358 357
359 357
360 357
361 355
362 30
362 32
362 190
362 245
362 361
363 362
364 362
365 362
366 355
367 355
369 368
370 369
371 370
372 251
372 371
373 87
373 133
373 372
374 373
375 373
376 63
376 375
377 376
378 376
379 378
380 378
381 380
382 63
382 375
383 382
384 383
385 384
386 385
387 385
388 383
389 388
390 389
391 390
392 390
393 386
393 387
393 392
394 380
394 388
395 394
396 395
397 395
398 397
399 398
400 397
401 397
402 394
403 402
404 403
405 404
406 405
407 406
408 405
409 408
410 402
411 410
412 403
412 411
413 412
414 413
415 410
416 49
416 404
416 415
417 415
418 417
419 418
420 417
421 417
422 419
422 420
422 421
423 422
424 423
425 423
426 422
427 426
428 427
429 425
429 427
430 422
431 425
431 428
431 430
432 373
433 432
434 64
434 433
435 434
436 435
437 436
438 437
439 438
440 437
441 440
442 439
442 441
443 442
444 443
445 444
446 444
447 442
448 447
449 448
450 448
451 435
452 434
453 452
454 453
455 454
456 455
457 456
458 456
459 454
460 459
461 460
462 460
463 452
464 463
465 464
466 465
467 466
468 466
469 464
470 469
471 470
472 470
473 370
474 252
474 473
475 86
475 135
475 474
476 475
477 475
478 27
478 477
479 478
480 478
481 480
482 481
483 480
484 483
485 484
486 485
487 486
488 482
488 487
489 482
489 487
490 27
490 477
491 490
492 491
493 481
493 492
494 493
495 494
496 495
497 496
498 497
499 498
500 498
501 500
502 501
503 500
504 503
505 501
505 504
506 505
507 503
508 502
508 503
509 496
510 509
511 510
512 511
513 511
514 513
515 513
516 510
517 499
517 516
518 517
519 518
520 518
521 517
522 509
523 497
523 522
524 523
525 524
526 494
527 526
528 493
529 492
530 529
531 529
532 529
533 491
534 533
535 534
536 535
537 536
538 533
539 534
539 538
540 539
541 540
542 541
543 475
544 543
545 28
545 544
546 545
547 546
548 547
549 548
550 549
551 550
552 551
553 551
554 549
555 554
556 555
557 555
558 548
559 558
560 559
561 560
562 560
563 558
564 563
565 564
566 564
567 547
568 567
569 568
570 569
571 570
572 570
573 568
574 573
575 574
576 574
577 567
578 577
579 578
580 579
581 579
582 577
583 582
584 583
585 583
586 546
587 586
588 587
589 588
590 589
591 590
592 590
593 588
594 593
595 594
596 594
597 587
598 597
599 598
600 599
601 599
602 597
603 602
604 603
605 603
606 586
607 606
608 607
609 608
610 609
611 609
612 607
613 612
614 613
615 613
616 606
617 616
618 617
619 618
620 618
621 616
622 621
623 622
624 622
625 368
626 625
627 626
628 255
628 627
629 626
630 256
630 629
633 632
634 632
635 634
636 181
636 261
636 635
637 205
637 636
638 637
639 637
640 637
641 634
642 208
642 260
642 641
643 183
643 642
644 643
645 643
646 643
647 632
648 632
650 649
651 65
651 129
651 174
651 265
651 650
652 651
653 651
654 651
655 649
656 29
656 128
656 176
656 266
656 655
657 656
658 656
659 656
660 649
661 649
663 662
664 123
664 172
664 270
664 663
665 664
666 664
667 664
668 662
669 668
670 169
670 272
670 669
671 125
671 670
672 671
673 671
674 671
675 668
676 675
677 662
678 662
680 679
681 679
682 681
683 117
683 280
683 682
684 165
684 683
685 684
686 684
687 684
688 681
689 164
689 281
689 688
690 115
690 689
691 690
692 690
693 692
694 420
694 693
695 690
696 679
697 679
699 698
700 698
701 700
702 311
702 329
702 347
702 641
702 682
702 701
703 361
703 655
703 663
703 702
704 287
704 701
705 110
705 159
705 704
706 705
707 705
708 705
709 700
710 304
710 323
710 340
710 635
710 669
710 688
710 709
711 356
711 650
711 710
712 158
712 290
712 709
713 111
713 712
714 713
715 713
716 306
716 315
716 328
716 333
716 345
716 350
716 359
716 364
716 375
716 477
716 638
716 644
716 652
716 657
716 665
716 672
716 686
716 692
716 707
716 715
717 3
717 27
717 63
717 716
718 713
719 698
720 0
720 2
720 369
721 0
721 1
721 2
721 4
721 273
721 289
721 292
721 675
721 703
721 711
722 2
722 371
722 629
722 703
723 698
725 199
725 217
725 297
725 724
726 724
727 726
728 67
728 201
728 219
728 299
728 631
728 727
729 727
730 727
732 196
732 728
732 731
733 731
734 731
735 198
735 202
735 220
735 300
735 729
735 734
738 737
740 739
741 739
742 741
743 412
743 742
744 741
746 745
747 746
748 414
748 746
750 749
751 749
752 751
753 738
753 752
755 754
756 754
757 756
758 739
758 754
760 759
761 757
761 760
762 744
762 747
762 761
766 765
767 766
768 767
769 365
769 768
770 769
771 770
772 771
773 771
774 769
775 774
776 775
777 775
778 591
778 595
778 772
778 777
779 316
779 768
780 779
781 598
781 780
782 780
783 782
784 782
785 779
786 785
787 786
788 786
789 334
789 768
790 789
791 790
792 791
793 791
794 789
795 794
796 795
797 795
798 351
798 768
799 798
800 799
801 800
802 800
803 798
804 803
805 804
806 804
807 766
808 807
809 658
809 808
810 809
811 810
812 811
813 811
814 809
815 814
816 815
817 815
818 666
818 808
819 818
820 819
821 820
822 820
823 818
824 823
825 824
826 824
827 687
827 808
828 827
829 569
829 828
830 828
831 830
832 830
833 827
834 833
835 834
836 834
837 708
837 808
838 837
839 838
840 839
841 839
842 837
843 842
844 843
845 843
846 553
846 556
846 840
846 845
847 545
847 645
847 766
848 847
849 848
850 848
851 850
852 850
853 847
854 853
855 854
856 852
856 855
857 854
858 23
859 8
859 9
861 54
861 860
862 40
862 860
865 864
866 865
867 866
868 451
868 653
868 867
869 868
870 868
871 74
871 453
871 639
871 867
872 871
873 871
874 436
874 673
874 867
875 874
876 875
877 875
878 877
879 877
880 874
881 880
882 881
883 878
883 882
884 881
885 451
885 695
885 867
886 885
887 886
888 887
889 445
889 457
889 467
889 553
889 561
889 572
889 580
889 591
889 600
889 611
889 620
889 852
889 872
889 878
889 888
890 887
891 446
891 458
891 468
891 552
891 562
891 571
891 581
891 592
891 601
891 610
891 619
891 851
891 879
891 890
892 885
893 892
894 893
895 893
896 865
897 896
898 897
899 897
900 718
900 897
901 900
902 455
902 901
903 901
904 903
905 903
906 900
907 906
908 907
909 308
909 776
909 787
909 796
909 805
909 816
909 825
909 835
909 844
909 899
909 908
910 907
911 777
911 788
911 797
911 806
911 817
911 826
911 836
911 845
911 910
912 457
912 461
912 904
912 910
913 897
914 913
915 327
915 914
916 915
917 915
918 327
918 914
919 918
920 918
921 913
922 344
922 921
923 443
923 922
924 922
925 919
925 924
926 922
927 920
927 926
928 344
928 921
929 928
930 928
931 360
931 463
931 865
932 931
933 931
934 441
934 870
934 933
937 936
938 936
939 938
940 523
940 939
941 938
942 749
942 936
943 942
944 942
946 945
947 946
948 753
948 941
948 947
949 517
949 948
950 525
950 946
952 951
953 952
954 715
954 953
955 954
956 955
957 955
958 328
958 953
959 958
960 306
960 953
961 960
962 957
962 961
963 958
963 962
964 959
964 963
965 964
966 379
966 964
967 952
968 652
968 967
969 968
970 969
971 408
971 762
971 970
972 638
972 967
973 77
973 972
974 83
974 973
975 407
975 416
975 431
975 758
975 762
975 968
975 974
976 975
977 975
978 974
979 978
980 974
981 980
982 406
982 421
982 971
982 981
983 409
983 419
983 694
983 952
983 982
984 406
984 429
984 430
984 758
984 969
984 979
984 981
985 984
986 984
987 80
987 416
987 758
987 762
987 973
988 987
989 987
990 672
990 967
991 408
991 990
992 990
993 990
994 993
995 994
996 978
996 995
997 693
997 970
997 980
997 992
997 996
998 756
998 997
999 743
999 998
1000 999
1001 381
1001 1000
1002 1001
1003 379
1003 1002
1004 1003
1005 966
1005 1004
1006 1005
1007 399
1007 959
1007 963
1007 1004
1008 391
1008 400
1008 957
1008 1002
1009 999
1010 997
1011 760
1011 1010
1012 748
1012 1011
1013 396
1013 954
1013 1000
1013 1012
1014 51
1014 1009
1014 1013
1015 1014
1016 1014
1017 392
1017 401
1017 1012
1018 386
1018 400
1018 1007
1018 1017
1019 1018
1020 386
1020 387
1020 962
1020 1003
1020 1018
1021 391
1021 1020
1022 52
1022 1019
1022 1021
1023 1022
1024 1023
1025 1022
1026 465
1026 918
1026 1019
1026 1021
1027 398
1027 960
1027 1008
1027 1017
1028 390
1028 955
1028 1001
1028 1027
1029 49
1029 1028
1030 1027
1031 309
1031 438
1031 899
1031 1030
1032 1029
1032 1030
1033 346
1033 399
1033 400
1033 965
1033 1006
1033 1012
1034 393
1034 401
1034 952
1034 1033
1035 1034
1036 393
1036 1005
1036 1034
1037 43
1037 1035
1037 1036
1038 1037
1039 1037
1040 409
1040 983
1040 991
1040 995
1041 983
1041 992
1041 994
1042 426
1042 430
1042 985
1042 1041
1043 1040
1043 1042
1044 52
1044 1043
1045 1044
1046 1044
1047 886
1047 1040
1047 1042
1048 409
1048 418
1048 420
1048 982
1048 991
1048 993
1049 985
1049 992
1049 1048
1050 51
1050 986
1050 1049
1051 1050
1052 1050
1053 359
1053 967
1054 1053
1055 46
1055 48
1055 384
1055 1012
1055 1054
1056 1010
1056 1054
1057 346
1057 1053
1058 1006
1058 1055
1058 1057
1059 1058
1060 45
1060 976
1060 988
1060 1015
1060 1025
1060 1032
1060 1038
1060 1045
1060 1051
1060 1059
1061 1058
1063 1062
1064 707
1064 1063
1065 1064
1066 1065
1067 1065
1068 686
1068 1063
1069 1063
1070 315
1070 1069
1071 1070
1072 1067
1072 1071
1073 350
1073 1069
1074 1073
1075 1074
1076 333
1076 1069
1077 1072
1077 1076
1078 1077
1079 483
1079 1077
1080 1063
1081 665
1081 1080
1082 1081
1083 1082
1084 657
1084 1080
1085 1084
1086 1085
1087 514
1087 515
1087 948
1087 1086
1088 644
1088 1080
1089 1088
1090 1089
1091 1090
1092 1089
1093 512
1093 1092
1094 1093
1095 499
1095 1068
1095 1087
1095 1094
1096 516
1096 1083
1096 1095
1097 502
1097 1093
1098 943
1098 1090
1098 1097
1099 1098
1100 506
1100 514
1100 515
1100 1085
1100 1099
1101 1100
1102 515
1102 949
1102 1094
1102 1101
1103 520
1103 521
1103 1081
1103 1086
1103 1102
1104 1103
1105 506
1105 1082
1105 1095
1105 1101
1106 1100
1106 1103
1107 507
1107 1106
1108 608
1108 819
1108 1104
1108 1107
1109 507
1109 520
1109 949
1109 1094
1109 1099
1110 521
1110 1084
1110 1109
1111 1110
1112 503
1112 1098
1112 1110
1113 617
1113 810
1113 1111
1113 1112
1114 1068
1114 1083
1114 1086
1114 1091
1114 1092
1115 751
1115 1114
1116 940
1116 1115
1117 1116
1118 532
1118 1117
1119 1118
1120 538
1120 542
1120 1079
1120 1119
1121 1120
1122 536
1122 1121
1123 1065
1123 1118
1124 485
1124 1123
1125 1124
1126 1124
1127 1116
1128 1114
1129 738
1129 1128
1130 950
1130 1129
1131 526
1131 531
1131 538
1131 542
1131 1078
1131 1130
1132 488
1132 527
1132 1073
1132 1122
1132 1131
1133 1132
1134 489
1134 535
1134 1120
1134 1132
1135 559
1135 799
1135 1133
1135 1134
1136 531
1136 1119
1136 1130
1137 486
1137 1070
1137 1136
1138 528
1138 1067
1138 1125
1138 1137
1139 488
1139 489
1139 495
1139 541
1139 1136
1140 1072
1140 1076
1140 1139
1141 482
1141 540
1141 1071
1141 1125
1141 1140
1142 1140
1143 578
1143 790
1143 1141
1143 1142
1144 528
1144 1064
1144 1117
1144 1130
1145 550
1145 838
1145 1144
1146 519
1146 521
1146 943
1146 949
1146 1088
1147 364
1147 1080
1148 1075
1148 1128
1148 1147
1149 527
1149 537
1149 1075
1149 1131
1149 1147
1150 484
1150 488
1150 537
1150 1149
1151 1074
1151 1121
1151 1150
1152 539
1152 1149
1153 589
1153 770
1153 1151
1153 1152
1154 40
1155 1154
1156 1154
1157 1156
1158 1157
1159 1157
1160 572
1160 575
1160 831
1160 836
1160 1159
1161 1156
1162 1161
1163 600
1163 604
1163 783
1163 788
1163 1162
1164 1161
1165 39
1166 1165
1167 1166
1168 1167
1169 467
1169 471
1169 916
1169 920
1169 1025
1169 1168
1170 1167
1171 445
1171 449
1171 926
1171 929
1171 1170
1172 1166
1173 1172
1174 888
1174 894
1174 1173
1175 1172
1176 39
1177 1176
1178 1177
1179 1178
1180 1179
1181 1180
1182 1181
1183 1182
1184 1183
1185 1182
1186 1185
1187 1184
1187 1186
1188 1127
1188 1144
1188 1187
1189 1188
1190 1188
1191 944
1191 1146
1191 1187
1192 1191
1193 1191
1194 1096
1194 1105
1194 1181
1195 1194
1196 1194
1197 1180
1198 1104
1198 1107
1198 1197
1199 1198
1200 1198
1201 611
1201 614
1201 821
1201 826
1201 1200
1202 1111
1202 1112
1202 1197
1203 1202
1204 1202
1205 620
1205 623
1205 812
1205 817
1205 1158
1205 1204
1206 1133
1206 1134
1206 1178
1207 1206
1208 1206
1209 561
1209 565
1209 801
1209 806
1209 1155
1209 1208
1210 1151
1210 1152
1210 1177
1211 1210
1212 1210
1213 1176
1214 1126
1214 1138
1214 1213
1215 1214
1216 1214
1217 1141
1217 1142
1217 1213
1218 1217
1219 1217
1220 1183
1220 1189
1220 1192
1220 1195
1220 1199
1220 1200
1220 1203
1220 1204
1220 1207
1220 1208
1220 1211
1220 1215
1220 1218
1220 1219
1221 580
1221 584
1221 792
1221 797
1221 1219
