528 550
563 275
698 701
483 508
18 456
170 477
411 756
770 422
109 516
6 107
851 865
4 74
270 635
72 144
241 627
763 783
446 873
65 780
637 653
33 443
762 783
735 764
191 220
433 856
401 726
182 482
291 597
391 398
448 164
751 802
36 456
718 401
858 874
703 756
651 363
615 633
126 859
546 564
726 731
39 833
373 689
53 69
499 533
462 212
702 769
121 483
112 519
398 715
101 140
471 486
857 865
484 509
490 750
381 700
500 534
704 762
516 531
28 844
390 706
621 641
28 837
9 121
454 462
469 759
464 236
513 528
775 427
300 601
779 807
159 498
407 735
536 877
187 492
844 435
569 581
702 766
28 841
35 458
529 259
862 870
146 201
703 747
476 503
315 609
95 475
704 750
583 279
600 608
554 583
0 89
693 699
754 801
475 489
402 726
82 177
553 582
196 227
386 848
284 312
502 536
731 836
468 490
687 380
136 710
724 409
195 225
490 746
408 745
507 541
38 444
118 178
297 599
164 209
694 382
41 785
556 585
537 560
838 848
118 523
123 485
832 838
846 437
192 221
258 567
40 784
727 766
611 334
647 355
122 183
684 693
39 468
733 757
491 749
671 688
243 708
174 538
756 803
735 766
558 587
532 266
626 647
841 434
498 532
508 250
716 722
641 652
463 726
479 504
728 764
45 61
491 756
188 493
469 763
158 574
337 643
735 767
75 189
31 454
426 816
89 510
597 612
408 746
382 726
712 718
61 789
560 273
67 795
841 851
374 690
125 858
419 808
216 511
557 272
19 452
384 704
642 650
301 602
367 377
75 190
644 347
184 542
752 800
282 296
707 719
593 598
164 572
729 743
232 522
723 407
745 778
618 635
421 810
453 465
10 79
491 772
490 769
8 117
199 505
153 496
7 115
177 211
701 394
417 798
128 471
541 564
43 787
314 646
109 155
97 136
11 80
162 575
83 200
47 811
409 768
413 785
710 722
607 626
676 694
704 744
17 454
0 88
271 675
272 599
704 758
230 520
640 346
411 749
146 565
730 747
124 186
123 185
735 763
94 543
33 446
138 706
58 778
183 483
60 788
326 623
648 663
700 391
341 657
203 550
738 800
623 632
352 665
460 837
735 770
737 800
77 192
410 739
308 603
6 123
679 688
690 697
490 743
681 697
329 627
727 760
22 100
759 783
856 864
745 414
107 514
463 215
154 205
320 614
749 418
149 494
436 866
589 592
322 615
493 527
300 315
643 651
410 745
425 815
490 767
744 777
2 92
408 767
111 518
406 733
490 745
317 662
335 856
114 169
273 607
578 293
12 111
396 713
491 740
86 473
511 526
33 442
104 145
336 642
198 501
133 525
388 730
530 553
295 323
669 376
3 94
732 766
728 739
835 846
769 790
214 734
218 513
470 486
453 461
409 753
249 546
46 810
740 803
842 845
573 585
738 802
281 594
801 821
611 629
275 589
473 487
119 481
120 480
733 772
50 814
268 576
734 765
215 735
627 638
38 442
282 690
238 245
692 698
191 496
491 757
115 170
613 622
666 673
743 776
15 109
550 579
292 630
685 694
39 731
227 518
686 695
48 812
859 875
411 755
171 537
20 97
814 827
404 727
721 724
334 639
68 796
678 687
596 611
704 742
748 781
92 181
469 764
130 473
606 329
719 405
5 75
110 517
657 663
772 424
409 747
248 545
333 636
49 65
559 586
292 310
865 873
653 350
224 597
112 163
837 430
868 876
2 104
456 474
477 503
702 746
344 660
491 754
447 156
655 361
543 557
42 786
115 476
237 686
342 855
39 469
383 703
113 520
689 696
385 847
728 754
199 232
727 759
96 137
201 548
793 813
495 529
486 239
160 208
466 490
179 480
289 307
190 495
93 547
152 570
735 750
778 806
168 488
487 240
253 643
207 625
223 629
358 851
539 268
36 459
811 825
760 783
166 231
729 741
704 755
86 129
777 805
209 555
571 583
691 381
730 752
180 481
764 783
367 683
588 591
193 603
459 479
157 636
356 670
808 822
43 59
392 708
438 877
33 445
190 219
864 872
409 751
649 354
758 801
330 630
410 738
853 861
23 102
570 582
119 179
482 508
561 588
656 667
121 182
363 680
515 530
278 295
757 801
565 577
226 558
94 133
103 142
640 656
140 670
797 830
616 626
361 371
21 99
437 867
478 504
608 628
22 101
451 669
733 763
586 692
424 814
490 768
540 556
294 317
555 584
683 698
215 725
849 863
817 830
202 549
699 389
505 539
375 834
409 742
628 344
288 306
496 530
70 781
733 765
234 523
576 588
735 769
548 577
562 593
346 662
706 718
525 557
696 385
742 803
387 729
394 399
834 845
411 758
491 755
286 605
303 623
703 745
369 684
52 816
445 872
675 693
3 112
245 676
48 64
428 842
290 596
850 864
262 571
414 786
733 762
655 362
186 485
405 729
31 453
135 475
410 747
455 600
160 571
162 229
810 824
42 58
323 330
110 159
383 702
321 648
246 677
450 668
704 775
572 584
411 772
204 551
457 125
304 624
474 489
729 756
492 526
786 806
8 78
534 559
76 152
364 678
63 791
840 850
866 874
650 349
327 624
59 779
735 762
169 476
733 775
235 715
700 392
791 825
768 789
878 879
785 805
620 640
652 664
213 733
198 230
750 802
366 852
733 756
645 653
395 712
287 593
771 792
148 567
361 677
469 762
177 573
252 617
298 657
442 870
633 339
328 652
165 501
206 553
443 879
429 843
254 269
219 514
24 820
612 625
79 160
463 214
602 619
277 300
102 143
313 327
635 651
605 622
617 638
458 126
532 558
727 765
127 470
663 366
351 849
481 507
108 515
377 692
84 127
659 360
877 878
102 666
80 196
566 578
595 608
845 858
539 561
854 862
37 451
319 613
435 860
848 862
144 566
147 493
365 679
722 403
624 633
324 332
705 741
802 832
15 108
606 617
639 649
411 774
507 249
285 683
272 281
388 728
660 672
340 850
55 799
728 746
307 602
533 554
741 803
726 833
610 619
114 477
735 751
618 337
137 711
316 610
192 497
730 757
799 819
459 172
2 105
200 234
729 750
348 358
124 484
29 647
727 762
40 56
231 521
284 313
633 646
298 321
142 660
464 235
362 676
4 114
748 417
66 794
354 680
535 263
490 737
103 665
517 532
90 544
155 497
222 596
411 760
534 267
74 148
36 448
92 546
175 576
730 740
832 837
628 343
729 773
279 294
111 161
622 338
274 591
408 744
27 467
733 764
448 162
803 832
87 472
390 395
104 511
55 71
802 831
400 717
18 455
410 736
845 436
37 467
847 861
758 803
725 410
193 222
816 829
735 753
359 674
305 600
16 449
47 63
312 614
843 846
412 784
88 167
773 795
393 711
674 691
677 695
309 604
782 819
29 655
14 122
664 367
91 174
746 415
407 734
714 720
519 534
739 802
727 763
730 769
547 563
62 790
213 724
753 802
518 533
695 387
250 547
649 689
56 776
157 207
53 817
139 707
512 527
727 744
376 835
757 803
34 731
83 199
26 450
196 499
5 119
837 847
409 749
702 752
85 128
755 801
13 83
100 679
237 246
501 535
735 771
638 348
105 512
143 661
353 666
491 742
181 541
304 322
418 799
81 197
410 744
145 492
13 81
293 311
531 552
411 773
356 364
410 737
229 559
318 658
704 737
38 445
585 283
582 291
415 787
592 305
705 770
217 512
608 335
409 741
522 539
461 841
409 752
422 811
25 821
129 472
205 552
504 538
38 441
727 770
703 738
485 509
178 506
280 298
411 742
598 607
729 736
590 592
467 491
708 720
582 284
410 743
255 271
523 540
283 297
391 709
491 774
670 687
549 578
490 752
371 686
411 748
158 226
728 775
264 876
861 869
188 217
839 432
455 132
601 618
409 770
106 513
251 637
15 82
852 868
581 278
29 699
669 843
8 118
30 467
724 408
831 833
462 726
733 773
194 224
632 341
82 175
225 517
8 86
295 324
542 563
254 642
727 738
293 631
755 803
727 745
582 290
228 519
815 828
469 761
702 759
132 595
832 840
654 659
1 73
28 839
625 644
538 562
535 555
99 712
702 739
408 738
721 406
772 794
488 524
812 826
423 812
411 741
409 759
294 318
106 149
469 760
629 649
357 674
439 457
6 106
360 675
441 869
490 738
489 241
176 505
544 560
776 804
868 438
727 753
78 194
839 849
38 443
187 216
795 828
242 543
244 709
833 836
69 797
688 384
404 728
280 299
703 740
36 447
494 528
742 801
469 766
591 598
794 827
452 468
780 813
37 466
703 751
702 760
331 656
283 594
163 500
372 726
766 783
277 301
789 823
403 726
410 740
409 754
598 325
411 757
27 451
379 703
210 510
98 713
646 659
855 863
220 515
350 669
490 744
577 277
729 768
185 484
263 572
529 551
703 768
239 253
454 464
394 710
36 455
38 446
702 765
619 634
809 823
603 611
736 802
266 574
702 743
695 388
490 751
408 736
491 748
491 758
491 775
527 256
152 206
788 822
832 844
614 632
256 565
680 696
343 661
3 84
389 396
9 76
150 568
612 333
279 304
715 721
420 809
12 95
509 525
697 386
490 753
717 723
491 747
98 139
411 775
10 91
770 791
449 168
526 257
290 308
259 568
379 705
860 868
545 562
838 431
783 831
490 736
568 580
729 772
634 650
409 771
64 792
50 66
490 770
11 93
116 478
253 270
631 641
665 672
469 765
747 780
310 620
301 316
737 802
355 365
704 772
832 841
699 390
720 402
95 134
167 502
729 751
761 783
703 773
324 621
733 758
503 537
189 494
41 57
267 575
584 282
733 760
7 85
609 618
521 536
784 804
524 255
311 621
434 857
735 761
14 77
370 685
832 839
332 631
756 801
587 613
240 251
81 198
765 783
803 831
247 544
552 581
796 829
57 777
409 748
472 487
599 606
172 478
844 852
29 700
211 556
296 681
122 482
409 740
440 458
456 135
276 590
241 252
197 228
28 838
800 820
768 420
54 798
604 612
397 714
867 875
728 758
131 488
368 682
51 67
594 606
261 570
876 878
161 499
727 737
626 342
704 771
156 639
705 748
449 166
302 319
299 314
342 351
347 682
787 807
491 773
729 748
733 774
520 535
551 580
79 158
820 834
704 754
54 70
567 579
378 704
44 808
120 180
20 96
702 764
729 767
682 691
32 469
93 184
113 165
705 753
409 769
457 866
432 855
339 654
302 605
408 750
465 237
673 379
536 264
265 573
514 529
30 466
33 444
702 736
313 615
709 721
704 749
792 826
430 853
713 719
729 761
80 195
306 601
408 743
35 457
349 668
580 280
26 466
12 110
76 154
338 645
667 374
491 741
735 759
299 654
688 383
506 540
452 469
144 202
774 426
29 628
673 378
636 644
289 610
173 479
733 761
730 774
221 516
672 372
416 793
33 441
767 788
444 871
662 667
790 824
405 730
821 835
735 754
733 755
480 507
740 801
151 495
497 531
574 587
107 151
260 569
767 419
236 243
91 545
711 723
702 774
87 130
730 749
564 276
527 548
344 352
212 732
408 739
658 664
74 150
750 800
701 393
134 474
735 752
575 586
491 771
96 717
781 818
408 737
668 375
751 800
702 757
774 796
526 549
325 616
730 742
73 187
490 739
73 188
345 658
661 673
697 854
208 554
233 561
630 640
257 566
647 356
46 62
863 871
735 768
380 726
29 701
503 247
696 853
28 840
359 368
798 818
719 404
431 854
510 524
427 817
141 671
753 800
117 176
592 595
663 860
453 463
399 716
452 467
563 590
579 288
71 782
21 98
704 767
269 634
19 453
318 328
117 522
736 800
